	f1	f2	f3	f4	f5	f6	f7	f8	f9	f10	f11	f12	f13	f14	f15	f16	clase
1	-0.168237	-0.351775	-0.160884	-0.160884	-0.188765	-0.160884	-0.182147	-0.188765	-0.230535	-0.12774	4.43497	-0.276688	-0.246648	-0.201436	-0.261988	-0.55989	1
2	-0.168237	-0.351775	-0.160884	-0.160884	-0.188765	-0.160884	-0.182147	-0.188765	-0.230535	-0.12774	-0.224962	-0.276688	-0.246648	-0.201436	-0.261988	1.78196	1
3	5.93034	-0.351775	-0.160884	6.20136	-0.188765	-0.160884	-0.182147	-0.188765	-0.230535	-0.12774	-0.224962	-0.276688	-0.246648	-0.201436	-0.261988	-0.55989	0
4	-0.168237	-0.351775	-0.160884	-0.160884	5.28542	-0.160884	-0.182147	-0.188765	-0.230535	-0.12774	-0.224962	-0.276688	-0.246648	-0.201436	-0.261988	-0.55989	0
5	-0.168237	-0.351775	-0.160884	-0.160884	-0.188765	-0.160884	-0.182147	-0.188765	-0.230535	-0.12774	-0.224962	3.60587	-0.246648	-0.201436	-0.261988	-0.55989	0
6	-0.168237	-0.351775	-0.160884	-0.160884	-0.188765	-0.160884	-0.182147	-0.188765	-0.230535	-0.12774	-0.224962	-0.276688	-0.246648	-0.201436	-0.261988	-0.55989	0
7	-0.168237	-0.351775	-0.160884	-0.160884	-0.188765	-0.160884	-0.182147	-0.188765	-0.230535	-0.12774	-0.224962	-0.276688	4.04503	-0.201436	-0.261988	-0.55989	0
8	-0.168237	-0.351775	-0.160884	-0.160884	-0.188765	-0.160884	-0.182147	-0.188765	-0.230535	-0.12774	-0.224962	-0.276688	-0.246648	-0.201436	3.80819	-0.55989	1
9	-0.168237	-0.351775	-0.160884	-0.160884	-0.188765	-0.160884	-0.182147	-0.188765	-0.230535	-0.12774	-0.224962	-0.276688	-0.246648	-0.201436	-0.261988	-0.55989	1
10	-0.168237	-0.351775	-0.160884	-0.160884	-0.188765	-0.160884	-0.182147	-0.188765	-0.230535	-0.12774	-0.224962	-0.276688	-0.246648	-0.201436	3.80819	1.78196	0
11	-0.168237	-0.351775	-0.160884	-0.160884	-0.188765	-0.160884	-0.182147	-0.188765	-0.230535	-0.12774	4.43497	3.60587	-0.246648	-0.201436	-0.261988	-0.55989	1
12	-0.168237	-0.351775	-0.160884	-0.160884	-0.188765	-0.160884	-0.182147	-0.188765	-0.230535	-0.12774	-0.224962	3.60587	-0.246648	-0.201436	3.80819	1.78196	1
13	-0.168237	-0.351775	-0.160884	-0.160884	-0.188765	-0.160884	-0.182147	-0.188765	-0.230535	-0.12774	-0.224962	-0.276688	-0.246648	-0.201436	3.80819	1.78196	0
14	-0.168237	-0.351775	-0.160884	-0.160884	-0.188765	-0.160884	-0.182147	-0.188765	4.32777	-0.12774	-0.224962	3.60587	-0.246648	-0.201436	-0.261988	1.78196	0
15	-0.168237	-0.351775	-0.160884	-0.160884	-0.188765	-0.160884	-0.182147	-0.188765	-0.230535	-0.12774	-0.224962	-0.276688	4.04503	4.95295	-0.261988	1.78196	1
16	-0.168237	-0.351775	-0.160884	-0.160884	-0.188765	-0.160884	-0.182147	-0.188765	-0.230535	-0.12774	-0.224962	-0.276688	-0.246648	4.95295	-0.261988	1.78196	1
17	-0.168237	-0.351775	-0.160884	-0.160884	-0.188765	-0.160884	-0.182147	-0.188765	4.32777	-0.12774	-0.224962	-0.276688	4.04503	-0.201436	-0.261988	-0.55989	0
18	-0.168237	2.83619	-0.160884	-0.160884	-0.188765	-0.160884	-0.182147	-0.188765	-0.230535	-0.12774	-0.224962	-0.276688	-0.246648	-0.201436	-0.261988	-0.55989	0
19	-0.168237	-0.351775	-0.160884	-0.160884	-0.188765	-0.160884	-0.182147	-0.188765	-0.230535	-0.12774	-0.224962	3.60587	-0.246648	-0.201436	-0.261988	-0.55989	1
20	-0.168237	-0.351775	-0.160884	-0.160884	-0.188765	-0.160884	-0.182147	-0.188765	-0.230535	-0.12774	-0.224962	-0.276688	-0.246648	-0.201436	-0.261988	-0.55989	0
21	-0.168237	-0.351775	-0.160884	-0.160884	-0.188765	6.20136	-0.182147	-0.188765	-0.230535	-0.12774	-0.224962	-0.276688	-0.246648	-0.201436	-0.261988	-0.55989	0
22	-0.168237	-0.351775	-0.160884	-0.160884	-0.188765	-0.160884	-0.182147	-0.188765	-0.230535	-0.12774	-0.224962	-0.276688	4.04503	4.95295	-0.261988	-0.55989	0
23	-0.168237	2.83619	-0.160884	-0.160884	-0.188765	-0.160884	-0.182147	-0.188765	-0.230535	-0.12774	-0.224962	3.60587	-0.246648	-0.201436	-0.261988	-0.55989	0
24	-0.168237	-0.351775	-0.160884	-0.160884	-0.188765	-0.160884	-0.182147	-0.188765	-0.230535	-0.12774	-0.224962	-0.276688	-0.246648	-0.201436	-0.261988	-0.55989	0
25	-0.168237	-0.351775	-0.160884	-0.160884	-0.188765	-0.160884	-0.182147	-0.188765	-0.230535	-0.12774	-0.224962	-0.276688	-0.246648	-0.201436	-0.261988	1.78196	0
26	-0.168237	-0.351775	-0.160884	-0.160884	-0.188765	-0.160884	-0.182147	-0.188765	-0.230535	-0.12774	-0.224962	-0.276688	-0.246648	-0.201436	-0.261988	-0.55989	0
27	-0.168237	-0.351775	-0.160884	-0.160884	-0.188765	-0.160884	-0.182147	-0.188765	-0.230535	-0.12774	-0.224962	-0.276688	-0.246648	-0.201436	-0.261988	-0.55989	0
28	-0.168237	-0.351775	-0.160884	-0.160884	-0.188765	-0.160884	-0.182147	-0.188765	-0.230535	-0.12774	-0.224962	-0.276688	-0.246648	-0.201436	-0.261988	-0.55989	0
29	-0.168237	-0.351775	-0.160884	-0.160884	-0.188765	-0.160884	-0.182147	-0.188765	-0.230535	-0.12774	-0.224962	-0.276688	-0.246648	-0.201436	-0.261988	-0.55989	1
30	-0.168237	-0.351775	-0.160884	-0.160884	-0.188765	-0.160884	-0.182147	-0.188765	-0.230535	-0.12774	-0.224962	-0.276688	-0.246648	-0.201436	-0.261988	-0.55989	0
31	-0.168237	-0.351775	-0.160884	-0.160884	-0.188765	-0.160884	-0.182147	-0.188765	-0.230535	-0.12774	-0.224962	-0.276688	-0.246648	-0.201436	-0.261988	-0.55989	1
32	-0.168237	-0.351775	-0.160884	-0.160884	-0.188765	-0.160884	-0.182147	-0.188765	-0.230535	-0.12774	-0.224962	-0.276688	-0.246648	-0.201436	-0.261988	1.78196	0
33	-0.168237	-0.351775	-0.160884	-0.160884	-0.188765	-0.160884	-0.182147	-0.188765	-0.230535	-0.12774	-0.224962	-0.276688	-0.246648	-0.201436	-0.261988	-0.55989	0
34	-0.168237	-0.351775	-0.160884	-0.160884	-0.188765	-0.160884	-0.182147	-0.188765	-0.230535	-0.12774	-0.224962	-0.276688	-0.246648	-0.201436	-0.261988	-0.55989	1
35	-0.168237	-0.351775	-0.160884	-0.160884	-0.188765	-0.160884	-0.182147	-0.188765	-0.230535	-0.12774	-0.224962	-0.276688	-0.246648	-0.201436	-0.261988	-0.55989	0
36	-0.168237	-0.351775	-0.160884	-0.160884	-0.188765	-0.160884	-0.182147	-0.188765	-0.230535	-0.12774	-0.224962	-0.276688	-0.246648	-0.201436	-0.261988	-0.55989	1
37	-0.168237	2.83619	-0.160884	-0.160884	-0.188765	-0.160884	-0.182147	-0.188765	-0.230535	-0.12774	-0.224962	-0.276688	4.04503	-0.201436	-0.261988	-0.55989	1
38	-0.168237	-0.351775	-0.160884	-0.160884	-0.188765	-0.160884	-0.182147	-0.188765	-0.230535	-0.12774	-0.224962	-0.276688	-0.246648	-0.201436	-0.261988	-0.55989	1
39	-0.168237	-0.351775	-0.160884	-0.160884	-0.188765	-0.160884	-0.182147	-0.188765	-0.230535	-0.12774	-0.224962	-0.276688	-0.246648	-0.201436	-0.261988	-0.55989	1
40	-0.168237	-0.351775	-0.160884	-0.160884	-0.188765	-0.160884	-0.182147	-0.188765	-0.230535	-0.12774	-0.224962	-0.276688	-0.246648	-0.201436	-0.261988	-0.55989	0
41	-0.168237	-0.351775	-0.160884	-0.160884	-0.188765	-0.160884	-0.182147	-0.188765	-0.230535	-0.12774	4.43497	-0.276688	-0.246648	-0.201436	-0.261988	1.78196	0
42	-0.168237	-0.351775	-0.160884	-0.160884	-0.188765	-0.160884	-0.182147	-0.188765	-0.230535	-0.12774	-0.224962	-0.276688	-0.246648	-0.201436	-0.261988	1.78196	0
43	-0.168237	-0.351775	-0.160884	-0.160884	-0.188765	-0.160884	-0.182147	-0.188765	-0.230535	-0.12774	-0.224962	-0.276688	-0.246648	-0.201436	-0.261988	-0.55989	0
44	-0.168237	-0.351775	-0.160884	-0.160884	-0.188765	-0.160884	-0.182147	-0.188765	-0.230535	-0.12774	-0.224962	-0.276688	-0.246648	-0.201436	-0.261988	-0.55989	0
45	-0.168237	-0.351775	-0.160884	-0.160884	-0.188765	-0.160884	-0.182147	-0.188765	-0.230535	-0.12774	-0.224962	-0.276688	-0.246648	-0.201436	-0.261988	1.78196	0
46	-0.168237	-0.351775	-0.160884	-0.160884	-0.188765	-0.160884	-0.182147	-0.188765	4.32777	-0.12774	-0.224962	-0.276688	-0.246648	-0.201436	-0.261988	1.78196	0
47	-0.168237	-0.351775	-0.160884	-0.160884	-0.188765	-0.160884	-0.182147	-0.188765	-0.230535	-0.12774	-0.224962	-0.276688	-0.246648	-0.201436	-0.261988	-0.55989	0
48	-0.168237	-0.351775	-0.160884	-0.160884	-0.188765	-0.160884	-0.182147	-0.188765	4.32777	-0.12774	-0.224962	-0.276688	-0.246648	-0.201436	-0.261988	1.78196	0
49	-0.168237	-0.351775	-0.160884	-0.160884	-0.188765	-0.160884	-0.182147	-0.188765	-0.230535	-0.12774	-0.224962	-0.276688	-0.246648	-0.201436	-0.261988	-0.55989	0
50	-0.168237	2.83619	-0.160884	-0.160884	-0.188765	-0.160884	-0.182147	-0.188765	-0.230535	-0.12774	-0.224962	-0.276688	-0.246648	-0.201436	-0.261988	-0.55989	1
51	-0.168237	-0.351775	-0.160884	-0.160884	-0.188765	-0.160884	-0.182147	-0.188765	-0.230535	-0.12774	-0.224962	-0.276688	-0.246648	-0.201436	-0.261988	-0.55989	0
52	-0.168237	-0.351775	-0.160884	-0.160884	-0.188765	-0.160884	-0.182147	5.28542	-0.230535	-0.12774	-0.224962	-0.276688	-0.246648	-0.201436	-0.261988	-0.55989	1
53	-0.168237	-0.351775	-0.160884	-0.160884	-0.188765	-0.160884	-0.182147	-0.188765	-0.230535	-0.12774	-0.224962	-0.276688	-0.246648	-0.201436	3.80819	1.78196	0
54	-0.168237	-0.351775	-0.160884	-0.160884	-0.188765	-0.160884	-0.182147	-0.188765	-0.230535	-0.12774	-0.224962	-0.276688	-0.246648	-0.201436	-0.261988	-0.55989	1
55	-0.168237	-0.351775	-0.160884	-0.160884	-0.188765	-0.160884	5.47744	-0.188765	-0.230535	-0.12774	-0.224962	-0.276688	-0.246648	-0.201436	-0.261988	1.78196	0
56	-0.168237	-0.351775	-0.160884	-0.160884	-0.188765	-0.160884	-0.182147	-0.188765	-0.230535	-0.12774	-0.224962	-0.276688	-0.246648	-0.201436	-0.261988	-0.55989	1
57	-0.168237	-0.351775	-0.160884	-0.160884	-0.188765	-0.160884	-0.182147	-0.188765	-0.230535	-0.12774	-0.224962	-0.276688	-0.246648	-0.201436	-0.261988	-0.55989	1
58	-0.168237	-0.351775	-0.160884	-0.160884	-0.188765	-0.160884	-0.182147	-0.188765	-0.230535	-0.12774	-0.224962	-0.276688	-0.246648	-0.201436	-0.261988	-0.55989	1
59	-0.168237	-0.351775	-0.160884	-0.160884	-0.188765	-0.160884	-0.182147	-0.188765	-0.230535	-0.12774	-0.224962	-0.276688	-0.246648	-0.201436	-0.261988	-0.55989	1
60	-0.168237	-0.351775	-0.160884	-0.160884	-0.188765	-0.160884	-0.182147	-0.188765	-0.230535	-0.12774	-0.224962	-0.276688	-0.246648	-0.201436	-0.261988	1.78196	1
61	-0.168237	-0.351775	-0.160884	-0.160884	-0.188765	6.20136	-0.182147	-0.188765	-0.230535	-0.12774	-0.224962	-0.276688	-0.246648	-0.201436	-0.261988	1.78196	0
62	-0.168237	-0.351775	-0.160884	-0.160884	-0.188765	-0.160884	-0.182147	-0.188765	-0.230535	-0.12774	-0.224962	-0.276688	-0.246648	-0.201436	-0.261988	-0.55989	1
63	-0.168237	-0.351775	-0.160884	-0.160884	-0.188765	-0.160884	-0.182147	-0.188765	-0.230535	-0.12774	-0.224962	-0.276688	-0.246648	-0.201436	-0.261988	1.78196	0
64	-0.168237	-0.351775	-0.160884	-0.160884	-0.188765	-0.160884	-0.182147	-0.188765	-0.230535	-0.12774	-0.224962	-0.276688	-0.246648	-0.201436	-0.261988	-0.55989	0
65	-0.168237	-0.351775	-0.160884	-0.160884	-0.188765	-0.160884	-0.182147	-0.188765	-0.230535	-0.12774	-0.224962	3.60587	-0.246648	-0.201436	-0.261988	-0.55989	0
66	-0.168237	-0.351775	-0.160884	-0.160884	-0.188765	-0.160884	-0.182147	-0.188765	-0.230535	-0.12774	-0.224962	-0.276688	-0.246648	-0.201436	-0.261988	-0.55989	1
67	-0.168237	-0.351775	-0.160884	-0.160884	-0.188765	-0.160884	-0.182147	-0.188765	-0.230535	-0.12774	-0.224962	-0.276688	-0.246648	-0.201436	-0.261988	-0.55989	1
68	-0.168237	-0.351775	-0.160884	-0.160884	-0.188765	-0.160884	-0.182147	-0.188765	-0.230535	-0.12774	-0.224962	-0.276688	-0.246648	-0.201436	-0.261988	-0.55989	1
69	-0.168237	2.83619	-0.160884	-0.160884	-0.188765	-0.160884	-0.182147	-0.188765	-0.230535	-0.12774	-0.224962	-0.276688	-0.246648	-0.201436	-0.261988	-0.55989	0
70	-0.168237	-0.351775	-0.160884	-0.160884	-0.188765	-0.160884	-0.182147	-0.188765	-0.230535	-0.12774	-0.224962	-0.276688	-0.246648	-0.201436	-0.261988	-0.55989	0
71	-0.168237	-0.351775	-0.160884	-0.160884	-0.188765	-0.160884	-0.182147	-0.188765	-0.230535	-0.12774	-0.224962	-0.276688	-0.246648	-0.201436	-0.261988	1.78196	0
72	-0.168237	-0.351775	-0.160884	-0.160884	-0.188765	-0.160884	-0.182147	-0.188765	-0.230535	-0.12774	-0.224962	-0.276688	-0.246648	-0.201436	-0.261988	-0.55989	1
73	-0.168237	-0.351775	-0.160884	-0.160884	-0.188765	-0.160884	-0.182147	-0.188765	-0.230535	-0.12774	-0.224962	-0.276688	-0.246648	-0.201436	-0.261988	1.78196	0
74	-0.168237	-0.351775	-0.160884	-0.160884	-0.188765	-0.160884	-0.182147	-0.188765	-0.230535	-0.12774	-0.224962	-0.276688	-0.246648	-0.201436	-0.261988	-0.55989	1
75	-0.168237	-0.351775	-0.160884	-0.160884	-0.188765	-0.160884	-0.182147	-0.188765	-0.230535	-0.12774	-0.224962	-0.276688	-0.246648	-0.201436	-0.261988	-0.55989	0
76	-0.168237	-0.351775	-0.160884	-0.160884	-0.188765	-0.160884	-0.182147	-0.188765	-0.230535	-0.12774	-0.224962	-0.276688	-0.246648	-0.201436	-0.261988	-0.55989	0
77	-0.168237	-0.351775	-0.160884	-0.160884	-0.188765	-0.160884	-0.182147	-0.188765	-0.230535	-0.12774	-0.224962	-0.276688	-0.246648	-0.201436	-0.261988	1.78196	0
78	-0.168237	-0.351775	-0.160884	-0.160884	-0.188765	-0.160884	-0.182147	-0.188765	-0.230535	-0.12774	-0.224962	-0.276688	-0.246648	-0.201436	-0.261988	-0.55989	0
79	-0.168237	-0.351775	-0.160884	-0.160884	-0.188765	-0.160884	-0.182147	-0.188765	-0.230535	-0.12774	-0.224962	-0.276688	-0.246648	-0.201436	-0.261988	-0.55989	0
80	-0.168237	-0.351775	-0.160884	-0.160884	-0.188765	-0.160884	-0.182147	-0.188765	-0.230535	-0.12774	-0.224962	-0.276688	-0.246648	-0.201436	-0.261988	-0.55989	1
81	-0.168237	-0.351775	-0.160884	-0.160884	-0.188765	-0.160884	-0.182147	-0.188765	-0.230535	-0.12774	-0.224962	-0.276688	-0.246648	-0.201436	-0.261988	1.78196	0
82	-0.168237	-0.351775	-0.160884	-0.160884	-0.188765	-0.160884	-0.182147	-0.188765	4.32777	-0.12774	-0.224962	-0.276688	-0.246648	-0.201436	-0.261988	-0.55989	0
83	-0.168237	-0.351775	-0.160884	-0.160884	-0.188765	-0.160884	-0.182147	-0.188765	-0.230535	-0.12774	-0.224962	-0.276688	-0.246648	-0.201436	-0.261988	-0.55989	1
84	-0.168237	-0.351775	-0.160884	-0.160884	-0.188765	-0.160884	-0.182147	-0.188765	-0.230535	-0.12774	-0.224962	-0.276688	-0.246648	-0.201436	-0.261988	-0.55989	1
85	-0.168237	2.83619	-0.160884	-0.160884	-0.188765	-0.160884	-0.182147	-0.188765	-0.230535	-0.12774	-0.224962	-0.276688	-0.246648	-0.201436	-0.261988	-0.55989	1
86	-0.168237	-0.351775	-0.160884	-0.160884	-0.188765	-0.160884	-0.182147	-0.188765	-0.230535	-0.12774	-0.224962	-0.276688	-0.246648	-0.201436	-0.261988	-0.55989	0
87	-0.168237	-0.351775	-0.160884	-0.160884	-0.188765	-0.160884	-0.182147	-0.188765	-0.230535	-0.12774	-0.224962	-0.276688	-0.246648	-0.201436	-0.261988	-0.55989	1
88	-0.168237	-0.351775	-0.160884	-0.160884	-0.188765	-0.160884	-0.182147	-0.188765	-0.230535	-0.12774	-0.224962	-0.276688	-0.246648	-0.201436	-0.261988	-0.55989	1
89	-0.168237	-0.351775	-0.160884	-0.160884	-0.188765	-0.160884	-0.182147	-0.188765	-0.230535	-0.12774	-0.224962	-0.276688	-0.246648	-0.201436	-0.261988	-0.55989	0
90	-0.168237	-0.351775	-0.160884	-0.160884	-0.188765	-0.160884	-0.182147	-0.188765	-0.230535	-0.12774	-0.224962	3.60587	-0.246648	-0.201436	-0.261988	1.78196	1
91	-0.168237	-0.351775	-0.160884	-0.160884	-0.188765	-0.160884	-0.182147	-0.188765	-0.230535	-0.12774	-0.224962	-0.276688	-0.246648	-0.201436	-0.261988	-0.55989	0
92	-0.168237	-0.351775	-0.160884	-0.160884	-0.188765	-0.160884	-0.182147	-0.188765	-0.230535	-0.12774	-0.224962	-0.276688	-0.246648	-0.201436	-0.261988	-0.55989	0
93	-0.168237	-0.351775	-0.160884	-0.160884	-0.188765	-0.160884	-0.182147	-0.188765	-0.230535	-0.12774	-0.224962	-0.276688	-0.246648	4.95295	-0.261988	-0.55989	0
94	-0.168237	-0.351775	-0.160884	-0.160884	-0.188765	-0.160884	-0.182147	-0.188765	-0.230535	-0.12774	-0.224962	-0.276688	-0.246648	-0.201436	-0.261988	-0.55989	0
95	-0.168237	-0.351775	-0.160884	-0.160884	-0.188765	-0.160884	-0.182147	-0.188765	-0.230535	-0.12774	-0.224962	-0.276688	-0.246648	-0.201436	-0.261988	-0.55989	0
96	-0.168237	-0.351775	-0.160884	-0.160884	-0.188765	-0.160884	-0.182147	5.28542	4.32777	-0.12774	-0.224962	3.60587	4.04503	4.95295	-0.261988	-0.55989	0
97	-0.168237	-0.351775	6.20136	-0.160884	-0.188765	-0.160884	-0.182147	-0.188765	-0.230535	-0.12774	-0.224962	-0.276688	-0.246648	-0.201436	-0.261988	-0.55989	0
98	-0.168237	-0.351775	-0.160884	-0.160884	-0.188765	-0.160884	-0.182147	-0.188765	-0.230535	-0.12774	-0.224962	-0.276688	-0.246648	-0.201436	-0.261988	-0.55989	0
99	-0.168237	-0.351775	-0.160884	-0.160884	-0.188765	-0.160884	-0.182147	-0.188765	-0.230535	-0.12774	-0.224962	-0.276688	-0.246648	-0.201436	-0.261988	-0.55989	0
100	-0.168237	-0.351775	-0.160884	-0.160884	-0.188765	-0.160884	-0.182147	-0.188765	-0.230535	-0.12774	4.43497	-0.276688	-0.246648	-0.201436	-0.261988	-0.55989	1
101	-0.168237	-0.351775	-0.160884	-0.160884	-0.188765	-0.160884	-0.182147	-0.188765	-0.230535	-0.12774	-0.224962	-0.276688	-0.246648	-0.201436	-0.261988	-0.55989	0
102	-0.168237	-0.351775	-0.160884	-0.160884	-0.188765	-0.160884	-0.182147	-0.188765	-0.230535	-0.12774	-0.224962	-0.276688	-0.246648	-0.201436	-0.261988	-0.55989	0
103	-0.168237	-0.351775	-0.160884	-0.160884	-0.188765	-0.160884	-0.182147	-0.188765	4.32777	-0.12774	-0.224962	-0.276688	-0.246648	-0.201436	-0.261988	1.78196	0
104	-0.168237	-0.351775	-0.160884	-0.160884	-0.188765	-0.160884	5.47744	-0.188765	4.32777	-0.12774	-0.224962	-0.276688	-0.246648	-0.201436	3.80819	-0.55989	0
105	5.93034	2.83619	6.20136	6.20136	-0.188765	-0.160884	-0.182147	-0.188765	-0.230535	-0.12774	4.43497	-0.276688	-0.246648	-0.201436	-0.261988	1.78196	0
106	-0.168237	-0.351775	-0.160884	-0.160884	-0.188765	-0.160884	-0.182147	-0.188765	-0.230535	-0.12774	-0.224962	-0.276688	-0.246648	-0.201436	-0.261988	-0.55989	0
107	-0.168237	-0.351775	-0.160884	-0.160884	-0.188765	-0.160884	-0.182147	-0.188765	-0.230535	-0.12774	-0.224962	-0.276688	-0.246648	-0.201436	-0.261988	-0.55989	1
108	-0.168237	2.83619	6.20136	6.20136	5.28542	6.20136	5.47744	5.28542	4.32777	7.8104	4.43497	3.60587	4.04503	-0.201436	3.80819	1.78196	1
109	-0.168237	2.83619	-0.160884	-0.160884	-0.188765	-0.160884	-0.182147	-0.188765	-0.230535	-0.12774	-0.224962	-0.276688	-0.246648	-0.201436	-0.261988	1.78196	0
110	-0.168237	2.83619	-0.160884	-0.160884	-0.188765	-0.160884	-0.182147	-0.188765	-0.230535	-0.12774	-0.224962	-0.276688	-0.246648	-0.201436	-0.261988	1.78196	0
111	-0.168237	-0.351775	-0.160884	-0.160884	-0.188765	-0.160884	-0.182147	-0.188765	-0.230535	-0.12774	-0.224962	-0.276688	-0.246648	-0.201436	-0.261988	-0.55989	0
112	-0.168237	2.83619	-0.160884	-0.160884	-0.188765	-0.160884	-0.182147	-0.188765	-0.230535	-0.12774	-0.224962	-0.276688	-0.246648	-0.201436	-0.261988	-0.55989	1
113	-0.168237	2.83619	-0.160884	-0.160884	-0.188765	-0.160884	-0.182147	-0.188765	-0.230535	-0.12774	-0.224962	-0.276688	-0.246648	-0.201436	-0.261988	1.78196	0
114	-0.168237	2.83619	-0.160884	-0.160884	-0.188765	-0.160884	-0.182147	-0.188765	-0.230535	-0.12774	-0.224962	-0.276688	-0.246648	-0.201436	-0.261988	-0.55989	1
115	-0.168237	2.83619	-0.160884	-0.160884	-0.188765	-0.160884	-0.182147	-0.188765	-0.230535	-0.12774	-0.224962	-0.276688	-0.246648	-0.201436	-0.261988	1.78196	0
116	-0.168237	2.83619	-0.160884	-0.160884	5.28542	6.20136	-0.182147	-0.188765	-0.230535	-0.12774	4.43497	3.60587	-0.246648	-0.201436	-0.261988	-0.55989	0
117	-0.168237	-0.351775	-0.160884	-0.160884	-0.188765	-0.160884	-0.182147	-0.188765	-0.230535	-0.12774	-0.224962	-0.276688	-0.246648	-0.201436	-0.261988	-0.55989	0
118	-0.168237	-0.351775	-0.160884	-0.160884	-0.188765	-0.160884	-0.182147	-0.188765	-0.230535	-0.12774	-0.224962	-0.276688	-0.246648	-0.201436	-0.261988	-0.55989	1
119	-0.168237	-0.351775	-0.160884	-0.160884	-0.188765	-0.160884	-0.182147	-0.188765	-0.230535	-0.12774	-0.224962	-0.276688	-0.246648	-0.201436	-0.261988	-0.55989	0
120	-0.168237	-0.351775	-0.160884	-0.160884	-0.188765	-0.160884	-0.182147	-0.188765	-0.230535	-0.12774	-0.224962	-0.276688	-0.246648	-0.201436	-0.261988	-0.55989	1
121	-0.168237	2.83619	6.20136	-0.160884	-0.188765	-0.160884	-0.182147	-0.188765	-0.230535	-0.12774	-0.224962	-0.276688	-0.246648	-0.201436	3.80819	-0.55989	1
122	-0.168237	2.83619	-0.160884	-0.160884	-0.188765	-0.160884	-0.182147	-0.188765	-0.230535	-0.12774	-0.224962	-0.276688	-0.246648	-0.201436	-0.261988	-0.55989	1
123	-0.168237	-0.351775	-0.160884	-0.160884	-0.188765	-0.160884	-0.182147	-0.188765	-0.230535	-0.12774	-0.224962	-0.276688	-0.246648	-0.201436	-0.261988	-0.55989	1
124	-0.168237	2.83619	-0.160884	-0.160884	-0.188765	-0.160884	-0.182147	-0.188765	-0.230535	-0.12774	-0.224962	-0.276688	-0.246648	-0.201436	-0.261988	-0.55989	1
125	-0.168237	2.83619	-0.160884	-0.160884	-0.188765	-0.160884	-0.182147	-0.188765	-0.230535	-0.12774	-0.224962	-0.276688	-0.246648	-0.201436	-0.261988	-0.55989	0
126	-0.168237	2.83619	-0.160884	-0.160884	-0.188765	-0.160884	-0.182147	-0.188765	-0.230535	-0.12774	-0.224962	-0.276688	-0.246648	-0.201436	-0.261988	-0.55989	1
127	-0.168237	2.83619	-0.160884	-0.160884	-0.188765	-0.160884	-0.182147	-0.188765	-0.230535	-0.12774	-0.224962	-0.276688	-0.246648	-0.201436	-0.261988	-0.55989	1
128	-0.168237	2.83619	-0.160884	-0.160884	-0.188765	-0.160884	-0.182147	-0.188765	-0.230535	-0.12774	-0.224962	-0.276688	-0.246648	-0.201436	-0.261988	-0.55989	0
129	-0.168237	2.83619	-0.160884	-0.160884	-0.188765	-0.160884	-0.182147	-0.188765	-0.230535	-0.12774	-0.224962	-0.276688	-0.246648	-0.201436	-0.261988	-0.55989	0
130	5.93034	2.83619	-0.160884	-0.160884	-0.188765	-0.160884	-0.182147	-0.188765	4.32777	-0.12774	4.43497	3.60587	4.04503	4.95295	3.80819	1.78196	0
131	-0.168237	2.83619	-0.160884	-0.160884	5.28542	6.20136	-0.182147	-0.188765	-0.230535	-0.12774	-0.224962	-0.276688	-0.246648	-0.201436	-0.261988	1.78196	0
132	-0.168237	-0.351775	-0.160884	-0.160884	-0.188765	-0.160884	-0.182147	-0.188765	-0.230535	-0.12774	-0.224962	-0.276688	-0.246648	-0.201436	-0.261988	-0.55989	0
133	-0.168237	-0.351775	-0.160884	-0.160884	-0.188765	-0.160884	-0.182147	-0.188765	-0.230535	-0.12774	-0.224962	-0.276688	-0.246648	-0.201436	-0.261988	1.78196	1
134	-0.168237	-0.351775	-0.160884	-0.160884	-0.188765	-0.160884	-0.182147	-0.188765	-0.230535	-0.12774	-0.224962	-0.276688	-0.246648	-0.201436	-0.261988	-0.55989	1
135	-0.168237	-0.351775	-0.160884	-0.160884	-0.188765	-0.160884	-0.182147	-0.188765	-0.230535	-0.12774	-0.224962	-0.276688	-0.246648	-0.201436	-0.261988	1.78196	1
136	-0.168237	-0.351775	-0.160884	-0.160884	-0.188765	-0.160884	-0.182147	-0.188765	-0.230535	-0.12774	-0.224962	-0.276688	-0.246648	-0.201436	-0.261988	-0.55989	1
137	-0.168237	-0.351775	-0.160884	-0.160884	-0.188765	-0.160884	-0.182147	-0.188765	-0.230535	-0.12774	-0.224962	-0.276688	-0.246648	-0.201436	-0.261988	-0.55989	1
138	-0.168237	2.83619	-0.160884	-0.160884	-0.188765	-0.160884	-0.182147	-0.188765	-0.230535	-0.12774	-0.224962	-0.276688	-0.246648	-0.201436	-0.261988	-0.55989	0
139	-0.168237	-0.351775	-0.160884	-0.160884	-0.188765	-0.160884	-0.182147	-0.188765	-0.230535	-0.12774	-0.224962	-0.276688	-0.246648	-0.201436	-0.261988	-0.55989	0
140	-0.168237	-0.351775	-0.160884	-0.160884	-0.188765	-0.160884	-0.182147	-0.188765	-0.230535	-0.12774	-0.224962	-0.276688	-0.246648	-0.201436	-0.261988	-0.55989	0
141	-0.168237	-0.351775	-0.160884	-0.160884	-0.188765	-0.160884	-0.182147	-0.188765	-0.230535	-0.12774	-0.224962	-0.276688	-0.246648	-0.201436	-0.261988	-0.55989	1
142	-0.168237	-0.351775	-0.160884	-0.160884	-0.188765	-0.160884	-0.182147	-0.188765	-0.230535	-0.12774	-0.224962	-0.276688	-0.246648	-0.201436	3.80819	-0.55989	1
143	-0.168237	-0.351775	-0.160884	-0.160884	-0.188765	-0.160884	-0.182147	-0.188765	-0.230535	-0.12774	-0.224962	-0.276688	-0.246648	-0.201436	-0.261988	-0.55989	1
144	5.93034	-0.351775	-0.160884	-0.160884	-0.188765	-0.160884	-0.182147	-0.188765	-0.230535	-0.12774	-0.224962	-0.276688	-0.246648	-0.201436	-0.261988	-0.55989	0
145	-0.168237	2.83619	-0.160884	-0.160884	-0.188765	-0.160884	-0.182147	-0.188765	-0.230535	-0.12774	-0.224962	-0.276688	-0.246648	-0.201436	-0.261988	1.78196	0
146	-0.168237	-0.351775	-0.160884	-0.160884	-0.188765	-0.160884	-0.182147	-0.188765	-0.230535	-0.12774	-0.224962	-0.276688	-0.246648	-0.201436	3.80819	-0.55989	0
147	-0.168237	-0.351775	-0.160884	-0.160884	-0.188765	-0.160884	-0.182147	-0.188765	-0.230535	-0.12774	-0.224962	-0.276688	-0.246648	-0.201436	-0.261988	-0.55989	1
148	-0.168237	-0.351775	-0.160884	-0.160884	-0.188765	-0.160884	-0.182147	-0.188765	-0.230535	-0.12774	-0.224962	-0.276688	-0.246648	-0.201436	-0.261988	-0.55989	0
149	-0.168237	-0.351775	-0.160884	-0.160884	-0.188765	-0.160884	-0.182147	-0.188765	-0.230535	-0.12774	-0.224962	-0.276688	-0.246648	-0.201436	-0.261988	-0.55989	1
150	-0.168237	-0.351775	-0.160884	-0.160884	-0.188765	-0.160884	-0.182147	-0.188765	-0.230535	-0.12774	-0.224962	-0.276688	-0.246648	-0.201436	-0.261988	-0.55989	0
151	-0.168237	-0.351775	-0.160884	-0.160884	-0.188765	-0.160884	-0.182147	-0.188765	-0.230535	-0.12774	-0.224962	-0.276688	-0.246648	-0.201436	-0.261988	-0.55989	1
152	-0.168237	-0.351775	6.20136	-0.160884	-0.188765	-0.160884	-0.182147	-0.188765	-0.230535	-0.12774	-0.224962	3.60587	-0.246648	-0.201436	-0.261988	-0.55989	0
153	-0.168237	-0.351775	-0.160884	-0.160884	-0.188765	-0.160884	-0.182147	-0.188765	-0.230535	-0.12774	-0.224962	-0.276688	-0.246648	-0.201436	-0.261988	-0.55989	0
154	-0.168237	-0.351775	-0.160884	-0.160884	-0.188765	-0.160884	-0.182147	-0.188765	-0.230535	-0.12774	-0.224962	-0.276688	-0.246648	-0.201436	-0.261988	-0.55989	0
155	-0.168237	-0.351775	-0.160884	-0.160884	-0.188765	-0.160884	-0.182147	-0.188765	-0.230535	-0.12774	-0.224962	-0.276688	-0.246648	-0.201436	-0.261988	-0.55989	1
156	-0.168237	-0.351775	-0.160884	-0.160884	-0.188765	-0.160884	-0.182147	5.28542	-0.230535	-0.12774	-0.224962	-0.276688	-0.246648	-0.201436	-0.261988	-0.55989	1
157	-0.168237	-0.351775	-0.160884	-0.160884	-0.188765	-0.160884	-0.182147	-0.188765	-0.230535	-0.12774	-0.224962	-0.276688	-0.246648	-0.201436	-0.261988	-0.55989	1
158	-0.168237	-0.351775	-0.160884	-0.160884	-0.188765	-0.160884	-0.182147	-0.188765	-0.230535	-0.12774	-0.224962	-0.276688	4.04503	4.95295	3.80819	1.78196	0
159	-0.168237	-0.351775	-0.160884	-0.160884	-0.188765	-0.160884	-0.182147	-0.188765	-0.230535	-0.12774	-0.224962	-0.276688	-0.246648	-0.201436	-0.261988	-0.55989	1
160	-0.168237	-0.351775	-0.160884	-0.160884	5.28542	-0.160884	-0.182147	-0.188765	-0.230535	-0.12774	-0.224962	-0.276688	-0.246648	4.95295	-0.261988	1.78196	0
161	-0.168237	-0.351775	-0.160884	-0.160884	-0.188765	-0.160884	-0.182147	-0.188765	-0.230535	-0.12774	-0.224962	-0.276688	-0.246648	-0.201436	-0.261988	-0.55989	0
162	-0.168237	-0.351775	-0.160884	-0.160884	-0.188765	-0.160884	-0.182147	-0.188765	-0.230535	-0.12774	-0.224962	-0.276688	-0.246648	-0.201436	-0.261988	-0.55989	0
163	-0.168237	-0.351775	-0.160884	-0.160884	-0.188765	-0.160884	-0.182147	-0.188765	-0.230535	-0.12774	-0.224962	-0.276688	-0.246648	-0.201436	-0.261988	-0.55989	0
164	-0.168237	-0.351775	-0.160884	-0.160884	-0.188765	-0.160884	-0.182147	-0.188765	-0.230535	-0.12774	-0.224962	-0.276688	-0.246648	-0.201436	-0.261988	-0.55989	1
165	-0.168237	-0.351775	-0.160884	-0.160884	-0.188765	-0.160884	-0.182147	-0.188765	-0.230535	-0.12774	-0.224962	-0.276688	-0.246648	-0.201436	-0.261988	1.78196	0
166	-0.168237	-0.351775	-0.160884	-0.160884	-0.188765	-0.160884	-0.182147	-0.188765	-0.230535	-0.12774	-0.224962	-0.276688	-0.246648	-0.201436	-0.261988	1.78196	0
167	-0.168237	-0.351775	-0.160884	-0.160884	-0.188765	-0.160884	-0.182147	-0.188765	-0.230535	-0.12774	-0.224962	-0.276688	-0.246648	-0.201436	-0.261988	-0.55989	1
168	-0.168237	-0.351775	-0.160884	-0.160884	-0.188765	-0.160884	-0.182147	-0.188765	-0.230535	-0.12774	-0.224962	-0.276688	-0.246648	-0.201436	-0.261988	-0.55989	1
169	-0.168237	-0.351775	-0.160884	-0.160884	-0.188765	-0.160884	-0.182147	-0.188765	-0.230535	-0.12774	-0.224962	-0.276688	-0.246648	-0.201436	-0.261988	1.78196	0
170	-0.168237	-0.351775	-0.160884	-0.160884	-0.188765	-0.160884	-0.182147	-0.188765	-0.230535	-0.12774	-0.224962	-0.276688	-0.246648	-0.201436	-0.261988	-0.55989	0
171	-0.168237	-0.351775	-0.160884	-0.160884	-0.188765	-0.160884	5.47744	-0.188765	-0.230535	7.8104	-0.224962	-0.276688	-0.246648	-0.201436	-0.261988	1.78196	0
172	-0.168237	2.83619	-0.160884	-0.160884	-0.188765	-0.160884	-0.182147	-0.188765	-0.230535	-0.12774	-0.224962	-0.276688	-0.246648	-0.201436	-0.261988	-0.55989	1
173	-0.168237	-0.351775	-0.160884	-0.160884	-0.188765	-0.160884	-0.182147	-0.188765	-0.230535	-0.12774	-0.224962	-0.276688	4.04503	-0.201436	-0.261988	-0.55989	0
174	-0.168237	-0.351775	-0.160884	-0.160884	-0.188765	-0.160884	-0.182147	-0.188765	-0.230535	-0.12774	-0.224962	-0.276688	-0.246648	-0.201436	-0.261988	-0.55989	0
175	-0.168237	2.83619	-0.160884	-0.160884	-0.188765	-0.160884	-0.182147	-0.188765	-0.230535	-0.12774	-0.224962	-0.276688	-0.246648	-0.201436	-0.261988	1.78196	0
176	-0.168237	-0.351775	-0.160884	-0.160884	-0.188765	-0.160884	-0.182147	-0.188765	-0.230535	-0.12774	-0.224962	-0.276688	-0.246648	-0.201436	-0.261988	-0.55989	0
177	-0.168237	-0.351775	-0.160884	-0.160884	-0.188765	-0.160884	-0.182147	-0.188765	-0.230535	-0.12774	-0.224962	-0.276688	-0.246648	-0.201436	-0.261988	-0.55989	1
178	-0.168237	-0.351775	-0.160884	-0.160884	-0.188765	-0.160884	-0.182147	-0.188765	-0.230535	-0.12774	-0.224962	3.60587	-0.246648	-0.201436	-0.261988	-0.55989	0
179	5.93034	-0.351775	-0.160884	-0.160884	-0.188765	-0.160884	-0.182147	-0.188765	-0.230535	-0.12774	-0.224962	3.60587	-0.246648	-0.201436	-0.261988	1.78196	0
180	-0.168237	-0.351775	-0.160884	-0.160884	-0.188765	-0.160884	-0.182147	-0.188765	-0.230535	-0.12774	-0.224962	-0.276688	-0.246648	-0.201436	-0.261988	-0.55989	0
181	5.93034	2.83619	-0.160884	-0.160884	-0.188765	-0.160884	-0.182147	-0.188765	-0.230535	7.8104	4.43497	-0.276688	-0.246648	-0.201436	3.80819	1.78196	0
182	-0.168237	-0.351775	-0.160884	-0.160884	-0.188765	-0.160884	-0.182147	-0.188765	-0.230535	-0.12774	-0.224962	-0.276688	-0.246648	-0.201436	-0.261988	-0.55989	0
183	-0.168237	2.83619	-0.160884	-0.160884	-0.188765	-0.160884	-0.182147	-0.188765	-0.230535	-0.12774	-0.224962	-0.276688	-0.246648	-0.201436	-0.261988	-0.55989	0
184	5.93034	2.83619	6.20136	6.20136	5.28542	6.20136	5.47744	5.28542	-0.230535	7.8104	4.43497	3.60587	4.04503	4.95295	3.80819	1.78196	0
185	-0.168237	-0.351775	-0.160884	-0.160884	-0.188765	-0.160884	-0.182147	-0.188765	-0.230535	-0.12774	-0.224962	-0.276688	-0.246648	-0.201436	-0.261988	-0.55989	0
186	-0.168237	-0.351775	-0.160884	-0.160884	-0.188765	-0.160884	-0.182147	-0.188765	-0.230535	-0.12774	-0.224962	3.60587	-0.246648	-0.201436	-0.261988	-0.55989	0
187	-0.168237	-0.351775	-0.160884	-0.160884	-0.188765	-0.160884	-0.182147	-0.188765	-0.230535	-0.12774	-0.224962	-0.276688	-0.246648	-0.201436	-0.261988	-0.55989	0
188	-0.168237	-0.351775	-0.160884	-0.160884	-0.188765	-0.160884	-0.182147	-0.188765	-0.230535	-0.12774	-0.224962	-0.276688	-0.246648	-0.201436	-0.261988	1.78196	0
189	-0.168237	2.83619	-0.160884	-0.160884	-0.188765	-0.160884	-0.182147	-0.188765	-0.230535	-0.12774	-0.224962	-0.276688	4.04503	-0.201436	3.80819	1.78196	1
190	-0.168237	-0.351775	-0.160884	-0.160884	-0.188765	-0.160884	-0.182147	-0.188765	-0.230535	-0.12774	-0.224962	-0.276688	-0.246648	-0.201436	-0.261988	-0.55989	0
191	-0.168237	2.83619	-0.160884	-0.160884	-0.188765	-0.160884	-0.182147	-0.188765	-0.230535	-0.12774	-0.224962	-0.276688	-0.246648	-0.201436	-0.261988	1.78196	1
192	-0.168237	-0.351775	-0.160884	-0.160884	-0.188765	-0.160884	-0.182147	5.28542	-0.230535	-0.12774	-0.224962	-0.276688	-0.246648	-0.201436	-0.261988	1.78196	1
193	-0.168237	-0.351775	-0.160884	-0.160884	-0.188765	-0.160884	-0.182147	-0.188765	-0.230535	-0.12774	-0.224962	-0.276688	-0.246648	-0.201436	-0.261988	-0.55989	0
194	-0.168237	-0.351775	-0.160884	-0.160884	-0.188765	-0.160884	-0.182147	-0.188765	-0.230535	-0.12774	-0.224962	-0.276688	-0.246648	-0.201436	-0.261988	-0.55989	0
195	-0.168237	-0.351775	-0.160884	-0.160884	-0.188765	-0.160884	-0.182147	5.28542	-0.230535	-0.12774	-0.224962	-0.276688	-0.246648	-0.201436	-0.261988	-0.55989	0
196	-0.168237	-0.351775	-0.160884	-0.160884	-0.188765	-0.160884	-0.182147	-0.188765	-0.230535	-0.12774	-0.224962	-0.276688	-0.246648	-0.201436	-0.261988	1.78196	1
197	-0.168237	-0.351775	-0.160884	-0.160884	-0.188765	-0.160884	-0.182147	-0.188765	-0.230535	-0.12774	-0.224962	-0.276688	-0.246648	-0.201436	-0.261988	1.78196	0
198	-0.168237	2.83619	-0.160884	-0.160884	-0.188765	-0.160884	-0.182147	-0.188765	-0.230535	-0.12774	-0.224962	-0.276688	-0.246648	-0.201436	-0.261988	-0.55989	1
199	-0.168237	-0.351775	-0.160884	-0.160884	-0.188765	-0.160884	-0.182147	-0.188765	-0.230535	-0.12774	-0.224962	-0.276688	4.04503	-0.201436	-0.261988	1.78196	0
200	-0.168237	-0.351775	-0.160884	-0.160884	-0.188765	-0.160884	-0.182147	-0.188765	4.32777	-0.12774	-0.224962	-0.276688	-0.246648	-0.201436	-0.261988	1.78196	0
201	-0.168237	-0.351775	-0.160884	-0.160884	-0.188765	-0.160884	-0.182147	-0.188765	-0.230535	-0.12774	-0.224962	-0.276688	-0.246648	-0.201436	-0.261988	-0.55989	0
202	-0.168237	-0.351775	-0.160884	-0.160884	-0.188765	-0.160884	-0.182147	-0.188765	-0.230535	-0.12774	-0.224962	-0.276688	-0.246648	-0.201436	-0.261988	-0.55989	0
203	-0.168237	-0.351775	-0.160884	-0.160884	-0.188765	-0.160884	-0.182147	-0.188765	-0.230535	-0.12774	-0.224962	-0.276688	-0.246648	-0.201436	-0.261988	-0.55989	0
204	-0.168237	-0.351775	-0.160884	-0.160884	-0.188765	-0.160884	-0.182147	-0.188765	-0.230535	-0.12774	-0.224962	-0.276688	-0.246648	-0.201436	-0.261988	-0.55989	0
205	-0.168237	-0.351775	-0.160884	-0.160884	-0.188765	-0.160884	-0.182147	-0.188765	-0.230535	-0.12774	-0.224962	-0.276688	-0.246648	-0.201436	-0.261988	-0.55989	1
206	-0.168237	-0.351775	-0.160884	-0.160884	-0.188765	-0.160884	-0.182147	-0.188765	-0.230535	-0.12774	-0.224962	-0.276688	-0.246648	-0.201436	-0.261988	-0.55989	0
207	-0.168237	-0.351775	-0.160884	-0.160884	-0.188765	-0.160884	-0.182147	-0.188765	-0.230535	-0.12774	-0.224962	-0.276688	-0.246648	-0.201436	-0.261988	-0.55989	1
208	-0.168237	2.83619	-0.160884	-0.160884	-0.188765	-0.160884	-0.182147	-0.188765	-0.230535	-0.12774	-0.224962	-0.276688	-0.246648	-0.201436	-0.261988	-0.55989	1
209	-0.168237	-0.351775	-0.160884	-0.160884	-0.188765	-0.160884	-0.182147	-0.188765	-0.230535	-0.12774	-0.224962	3.60587	-0.246648	-0.201436	-0.261988	-0.55989	0
210	-0.168237	-0.351775	-0.160884	-0.160884	-0.188765	-0.160884	-0.182147	-0.188765	-0.230535	-0.12774	-0.224962	-0.276688	-0.246648	-0.201436	-0.261988	-0.55989	0
211	-0.168237	-0.351775	-0.160884	-0.160884	-0.188765	-0.160884	-0.182147	-0.188765	-0.230535	-0.12774	-0.224962	-0.276688	-0.246648	-0.201436	-0.261988	-0.55989	0
212	-0.168237	-0.351775	-0.160884	-0.160884	-0.188765	-0.160884	-0.182147	-0.188765	-0.230535	-0.12774	-0.224962	-0.276688	-0.246648	-0.201436	-0.261988	-0.55989	1
213	-0.168237	-0.351775	-0.160884	-0.160884	-0.188765	-0.160884	-0.182147	-0.188765	-0.230535	-0.12774	-0.224962	-0.276688	-0.246648	-0.201436	-0.261988	-0.55989	0
214	-0.168237	-0.351775	-0.160884	-0.160884	-0.188765	-0.160884	-0.182147	-0.188765	-0.230535	-0.12774	-0.224962	-0.276688	-0.246648	-0.201436	-0.261988	-0.55989	0
215	-0.168237	-0.351775	-0.160884	-0.160884	-0.188765	-0.160884	-0.182147	-0.188765	-0.230535	-0.12774	-0.224962	-0.276688	-0.246648	-0.201436	-0.261988	-0.55989	1
216	-0.168237	-0.351775	-0.160884	-0.160884	-0.188765	-0.160884	-0.182147	-0.188765	-0.230535	-0.12774	-0.224962	-0.276688	-0.246648	-0.201436	-0.261988	1.78196	0
217	-0.168237	-0.351775	-0.160884	-0.160884	-0.188765	-0.160884	-0.182147	-0.188765	4.32777	-0.12774	-0.224962	-0.276688	-0.246648	-0.201436	-0.261988	1.78196	0
218	-0.168237	-0.351775	-0.160884	-0.160884	-0.188765	-0.160884	-0.182147	-0.188765	-0.230535	-0.12774	-0.224962	-0.276688	-0.246648	-0.201436	-0.261988	-0.55989	1
219	-0.168237	2.83619	-0.160884	-0.160884	-0.188765	-0.160884	-0.182147	-0.188765	-0.230535	-0.12774	4.43497	-0.276688	-0.246648	-0.201436	-0.261988	1.78196	0
220	-0.168237	-0.351775	-0.160884	-0.160884	-0.188765	-0.160884	-0.182147	-0.188765	-0.230535	-0.12774	-0.224962	-0.276688	-0.246648	-0.201436	-0.261988	-0.55989	0
221	-0.168237	-0.351775	-0.160884	-0.160884	-0.188765	-0.160884	-0.182147	-0.188765	-0.230535	-0.12774	-0.224962	-0.276688	-0.246648	-0.201436	-0.261988	1.78196	0
222	-0.168237	-0.351775	-0.160884	-0.160884	-0.188765	-0.160884	-0.182147	-0.188765	-0.230535	-0.12774	-0.224962	-0.276688	-0.246648	-0.201436	-0.261988	1.78196	0
223	-0.168237	-0.351775	-0.160884	-0.160884	-0.188765	-0.160884	-0.182147	-0.188765	-0.230535	-0.12774	-0.224962	-0.276688	-0.246648	-0.201436	-0.261988	1.78196	0
224	-0.168237	-0.351775	-0.160884	-0.160884	-0.188765	-0.160884	-0.182147	-0.188765	-0.230535	-0.12774	-0.224962	-0.276688	-0.246648	-0.201436	-0.261988	-0.55989	1
225	-0.168237	-0.351775	-0.160884	-0.160884	-0.188765	-0.160884	-0.182147	-0.188765	-0.230535	-0.12774	-0.224962	3.60587	-0.246648	-0.201436	-0.261988	-0.55989	1
226	-0.168237	2.83619	-0.160884	-0.160884	-0.188765	-0.160884	-0.182147	-0.188765	-0.230535	-0.12774	-0.224962	-0.276688	-0.246648	-0.201436	-0.261988	-0.55989	1
227	-0.168237	-0.351775	-0.160884	-0.160884	-0.188765	-0.160884	-0.182147	-0.188765	-0.230535	-0.12774	-0.224962	-0.276688	-0.246648	-0.201436	-0.261988	-0.55989	0
228	-0.168237	-0.351775	-0.160884	-0.160884	-0.188765	-0.160884	-0.182147	-0.188765	-0.230535	-0.12774	-0.224962	-0.276688	-0.246648	-0.201436	3.80819	-0.55989	0
229	-0.168237	-0.351775	-0.160884	-0.160884	-0.188765	-0.160884	-0.182147	-0.188765	-0.230535	-0.12774	-0.224962	-0.276688	-0.246648	4.95295	-0.261988	-0.55989	1
230	-0.168237	-0.351775	-0.160884	-0.160884	-0.188765	-0.160884	-0.182147	-0.188765	-0.230535	-0.12774	-0.224962	-0.276688	-0.246648	-0.201436	-0.261988	-0.55989	1
231	-0.168237	-0.351775	-0.160884	-0.160884	-0.188765	-0.160884	-0.182147	-0.188765	-0.230535	-0.12774	-0.224962	-0.276688	-0.246648	-0.201436	-0.261988	-0.55989	1
232	-0.168237	-0.351775	-0.160884	-0.160884	-0.188765	-0.160884	-0.182147	-0.188765	-0.230535	-0.12774	-0.224962	-0.276688	-0.246648	-0.201436	-0.261988	-0.55989	1
233	-0.168237	-0.351775	-0.160884	-0.160884	-0.188765	-0.160884	-0.182147	-0.188765	-0.230535	-0.12774	-0.224962	-0.276688	-0.246648	-0.201436	-0.261988	1.78196	0
234	-0.168237	-0.351775	-0.160884	-0.160884	-0.188765	-0.160884	-0.182147	-0.188765	-0.230535	-0.12774	-0.224962	-0.276688	-0.246648	-0.201436	-0.261988	-0.55989	1
235	-0.168237	-0.351775	-0.160884	-0.160884	-0.188765	-0.160884	-0.182147	-0.188765	-0.230535	-0.12774	-0.224962	-0.276688	-0.246648	-0.201436	-0.261988	1.78196	0
236	-0.168237	-0.351775	-0.160884	-0.160884	-0.188765	-0.160884	-0.182147	-0.188765	-0.230535	-0.12774	-0.224962	-0.276688	-0.246648	-0.201436	-0.261988	-0.55989	1
237	-0.168237	-0.351775	-0.160884	-0.160884	-0.188765	-0.160884	-0.182147	-0.188765	-0.230535	-0.12774	-0.224962	-0.276688	-0.246648	-0.201436	-0.261988	-0.55989	0
238	-0.168237	-0.351775	-0.160884	-0.160884	-0.188765	-0.160884	-0.182147	-0.188765	-0.230535	-0.12774	-0.224962	-0.276688	-0.246648	-0.201436	-0.261988	-0.55989	0
239	-0.168237	-0.351775	-0.160884	-0.160884	-0.188765	-0.160884	-0.182147	-0.188765	4.32777	-0.12774	-0.224962	-0.276688	-0.246648	-0.201436	-0.261988	1.78196	0
240	-0.168237	-0.351775	-0.160884	-0.160884	-0.188765	-0.160884	-0.182147	-0.188765	-0.230535	-0.12774	-0.224962	-0.276688	-0.246648	-0.201436	-0.261988	-0.55989	1
241	-0.168237	-0.351775	-0.160884	-0.160884	-0.188765	-0.160884	-0.182147	5.28542	-0.230535	-0.12774	-0.224962	-0.276688	-0.246648	-0.201436	-0.261988	-0.55989	1
242	-0.168237	-0.351775	-0.160884	-0.160884	-0.188765	-0.160884	-0.182147	-0.188765	-0.230535	-0.12774	-0.224962	-0.276688	-0.246648	-0.201436	-0.261988	-0.55989	0
243	-0.168237	-0.351775	-0.160884	-0.160884	-0.188765	-0.160884	-0.182147	-0.188765	-0.230535	-0.12774	-0.224962	3.60587	-0.246648	-0.201436	-0.261988	-0.55989	1
244	-0.168237	-0.351775	-0.160884	-0.160884	-0.188765	-0.160884	-0.182147	-0.188765	4.32777	-0.12774	-0.224962	-0.276688	-0.246648	-0.201436	-0.261988	-0.55989	0
245	-0.168237	-0.351775	-0.160884	-0.160884	-0.188765	-0.160884	-0.182147	-0.188765	-0.230535	-0.12774	-0.224962	-0.276688	-0.246648	-0.201436	-0.261988	-0.55989	0
246	-0.168237	-0.351775	-0.160884	-0.160884	-0.188765	-0.160884	-0.182147	-0.188765	-0.230535	-0.12774	-0.224962	-0.276688	-0.246648	-0.201436	-0.261988	-0.55989	0
247	-0.168237	-0.351775	-0.160884	-0.160884	-0.188765	-0.160884	-0.182147	-0.188765	-0.230535	-0.12774	-0.224962	-0.276688	-0.246648	-0.201436	3.80819	-0.55989	0
248	-0.168237	-0.351775	-0.160884	-0.160884	-0.188765	-0.160884	5.47744	-0.188765	-0.230535	-0.12774	-0.224962	3.60587	-0.246648	-0.201436	-0.261988	-0.55989	1
249	5.93034	2.83619	6.20136	6.20136	5.28542	6.20136	5.47744	5.28542	4.32777	7.8104	4.43497	3.60587	4.04503	4.95295	3.80819	1.78196	1
250	-0.168237	-0.351775	-0.160884	-0.160884	-0.188765	-0.160884	-0.182147	-0.188765	4.32777	-0.12774	-0.224962	-0.276688	-0.246648	-0.201436	-0.261988	-0.55989	0
251	-0.168237	-0.351775	-0.160884	-0.160884	-0.188765	-0.160884	-0.182147	-0.188765	-0.230535	-0.12774	-0.224962	-0.276688	-0.246648	-0.201436	-0.261988	-0.55989	1
252	-0.168237	-0.351775	-0.160884	-0.160884	-0.188765	-0.160884	-0.182147	-0.188765	-0.230535	-0.12774	-0.224962	-0.276688	-0.246648	-0.201436	-0.261988	-0.55989	1
253	-0.168237	-0.351775	-0.160884	-0.160884	-0.188765	-0.160884	-0.182147	-0.188765	-0.230535	-0.12774	-0.224962	-0.276688	-0.246648	-0.201436	-0.261988	-0.55989	0
254	-0.168237	-0.351775	-0.160884	-0.160884	-0.188765	-0.160884	-0.182147	-0.188765	-0.230535	-0.12774	-0.224962	-0.276688	-0.246648	-0.201436	-0.261988	-0.55989	1
255	-0.168237	-0.351775	-0.160884	-0.160884	-0.188765	-0.160884	-0.182147	-0.188765	-0.230535	-0.12774	-0.224962	-0.276688	-0.246648	-0.201436	-0.261988	-0.55989	0
256	-0.168237	-0.351775	-0.160884	-0.160884	-0.188765	-0.160884	-0.182147	-0.188765	-0.230535	-0.12774	-0.224962	-0.276688	-0.246648	-0.201436	-0.261988	-0.55989	0
257	-0.168237	-0.351775	-0.160884	-0.160884	-0.188765	-0.160884	-0.182147	-0.188765	-0.230535	-0.12774	-0.224962	-0.276688	-0.246648	-0.201436	-0.261988	-0.55989	1
258	-0.168237	-0.351775	-0.160884	-0.160884	-0.188765	-0.160884	-0.182147	-0.188765	-0.230535	-0.12774	-0.224962	-0.276688	-0.246648	-0.201436	3.80819	-0.55989	1
259	-0.168237	-0.351775	-0.160884	-0.160884	-0.188765	-0.160884	-0.182147	-0.188765	-0.230535	-0.12774	-0.224962	-0.276688	-0.246648	-0.201436	-0.261988	-0.55989	0
260	-0.168237	-0.351775	-0.160884	-0.160884	-0.188765	-0.160884	-0.182147	-0.188765	-0.230535	-0.12774	-0.224962	-0.276688	-0.246648	-0.201436	-0.261988	-0.55989	0
261	-0.168237	-0.351775	-0.160884	-0.160884	-0.188765	-0.160884	-0.182147	-0.188765	-0.230535	-0.12774	-0.224962	-0.276688	-0.246648	-0.201436	-0.261988	-0.55989	0
262	-0.168237	-0.351775	-0.160884	-0.160884	-0.188765	6.20136	-0.182147	-0.188765	-0.230535	-0.12774	4.43497	3.60587	-0.246648	4.95295	3.80819	1.78196	0
263	-0.168237	-0.351775	-0.160884	-0.160884	-0.188765	-0.160884	-0.182147	-0.188765	-0.230535	-0.12774	-0.224962	-0.276688	4.04503	-0.201436	-0.261988	-0.55989	0
264	-0.168237	-0.351775	-0.160884	-0.160884	-0.188765	-0.160884	-0.182147	-0.188765	-0.230535	-0.12774	-0.224962	-0.276688	-0.246648	-0.201436	-0.261988	1.78196	0
265	-0.168237	-0.351775	-0.160884	-0.160884	-0.188765	-0.160884	-0.182147	-0.188765	-0.230535	-0.12774	-0.224962	-0.276688	-0.246648	-0.201436	-0.261988	1.78196	0
266	-0.168237	-0.351775	-0.160884	-0.160884	-0.188765	-0.160884	-0.182147	-0.188765	-0.230535	-0.12774	-0.224962	-0.276688	-0.246648	-0.201436	-0.261988	-0.55989	0
267	-0.168237	-0.351775	-0.160884	-0.160884	-0.188765	-0.160884	-0.182147	-0.188765	-0.230535	-0.12774	-0.224962	-0.276688	-0.246648	-0.201436	-0.261988	-0.55989	1
268	-0.168237	-0.351775	-0.160884	-0.160884	-0.188765	-0.160884	-0.182147	-0.188765	-0.230535	-0.12774	-0.224962	-0.276688	-0.246648	-0.201436	-0.261988	-0.55989	1
269	-0.168237	-0.351775	-0.160884	-0.160884	-0.188765	-0.160884	-0.182147	-0.188765	-0.230535	-0.12774	-0.224962	-0.276688	-0.246648	-0.201436	-0.261988	1.78196	0
270	-0.168237	-0.351775	-0.160884	-0.160884	-0.188765	-0.160884	-0.182147	-0.188765	-0.230535	-0.12774	-0.224962	-0.276688	-0.246648	-0.201436	-0.261988	-0.55989	0
271	-0.168237	-0.351775	-0.160884	-0.160884	-0.188765	-0.160884	-0.182147	-0.188765	-0.230535	-0.12774	-0.224962	-0.276688	-0.246648	-0.201436	-0.261988	-0.55989	0
272	-0.168237	-0.351775	-0.160884	-0.160884	-0.188765	-0.160884	-0.182147	-0.188765	-0.230535	-0.12774	4.43497	-0.276688	-0.246648	-0.201436	-0.261988	-0.55989	0
273	-0.168237	-0.351775	-0.160884	-0.160884	-0.188765	-0.160884	-0.182147	-0.188765	-0.230535	-0.12774	-0.224962	-0.276688	-0.246648	-0.201436	-0.261988	1.78196	0
274	-0.168237	-0.351775	-0.160884	-0.160884	-0.188765	-0.160884	-0.182147	-0.188765	-0.230535	-0.12774	-0.224962	-0.276688	-0.246648	-0.201436	3.80819	-0.55989	1
275	-0.168237	-0.351775	-0.160884	-0.160884	-0.188765	-0.160884	-0.182147	-0.188765	-0.230535	-0.12774	-0.224962	-0.276688	-0.246648	-0.201436	-0.261988	-0.55989	1
276	-0.168237	-0.351775	-0.160884	-0.160884	-0.188765	-0.160884	-0.182147	-0.188765	-0.230535	-0.12774	4.43497	-0.276688	-0.246648	-0.201436	-0.261988	-0.55989	0
277	-0.168237	-0.351775	-0.160884	-0.160884	-0.188765	-0.160884	-0.182147	-0.188765	-0.230535	-0.12774	-0.224962	-0.276688	-0.246648	-0.201436	-0.261988	-0.55989	1
278	-0.168237	-0.351775	-0.160884	-0.160884	-0.188765	-0.160884	-0.182147	-0.188765	-0.230535	-0.12774	-0.224962	-0.276688	-0.246648	-0.201436	-0.261988	-0.55989	1
279	-0.168237	-0.351775	-0.160884	-0.160884	-0.188765	-0.160884	-0.182147	-0.188765	-0.230535	-0.12774	-0.224962	-0.276688	-0.246648	-0.201436	-0.261988	-0.55989	1
280	-0.168237	-0.351775	-0.160884	-0.160884	-0.188765	-0.160884	-0.182147	-0.188765	-0.230535	-0.12774	-0.224962	-0.276688	-0.246648	-0.201436	-0.261988	-0.55989	1
281	-0.168237	-0.351775	-0.160884	-0.160884	-0.188765	-0.160884	-0.182147	-0.188765	-0.230535	-0.12774	-0.224962	-0.276688	-0.246648	-0.201436	-0.261988	-0.55989	0
282	-0.168237	-0.351775	-0.160884	-0.160884	-0.188765	-0.160884	-0.182147	-0.188765	-0.230535	-0.12774	-0.224962	-0.276688	-0.246648	-0.201436	-0.261988	1.78196	1
283	-0.168237	-0.351775	-0.160884	-0.160884	-0.188765	-0.160884	-0.182147	-0.188765	-0.230535	-0.12774	-0.224962	3.60587	-0.246648	-0.201436	-0.261988	-0.55989	1
284	-0.168237	-0.351775	-0.160884	-0.160884	-0.188765	-0.160884	-0.182147	-0.188765	-0.230535	-0.12774	-0.224962	-0.276688	-0.246648	-0.201436	-0.261988	-0.55989	1
285	-0.168237	-0.351775	-0.160884	-0.160884	-0.188765	-0.160884	-0.182147	-0.188765	-0.230535	-0.12774	-0.224962	-0.276688	-0.246648	-0.201436	3.80819	-0.55989	0
286	-0.168237	-0.351775	-0.160884	-0.160884	-0.188765	-0.160884	-0.182147	-0.188765	-0.230535	-0.12774	-0.224962	-0.276688	-0.246648	-0.201436	-0.261988	-0.55989	0
287	-0.168237	-0.351775	-0.160884	-0.160884	-0.188765	-0.160884	5.47744	-0.188765	4.32777	-0.12774	-0.224962	-0.276688	-0.246648	-0.201436	-0.261988	1.78196	0
288	-0.168237	-0.351775	-0.160884	6.20136	-0.188765	-0.160884	-0.182147	-0.188765	-0.230535	-0.12774	-0.224962	-0.276688	-0.246648	-0.201436	3.80819	-0.55989	0
289	-0.168237	-0.351775	-0.160884	-0.160884	-0.188765	-0.160884	-0.182147	-0.188765	-0.230535	-0.12774	-0.224962	-0.276688	-0.246648	-0.201436	-0.261988	-0.55989	0
290	-0.168237	-0.351775	-0.160884	-0.160884	-0.188765	-0.160884	-0.182147	-0.188765	-0.230535	-0.12774	-0.224962	-0.276688	-0.246648	-0.201436	-0.261988	1.78196	0
291	-0.168237	-0.351775	-0.160884	-0.160884	5.28542	-0.160884	5.47744	-0.188765	-0.230535	-0.12774	-0.224962	-0.276688	-0.246648	-0.201436	-0.261988	-0.55989	0
292	-0.168237	-0.351775	-0.160884	-0.160884	-0.188765	-0.160884	-0.182147	-0.188765	-0.230535	-0.12774	-0.224962	3.60587	-0.246648	-0.201436	-0.261988	-0.55989	0
293	-0.168237	-0.351775	-0.160884	-0.160884	-0.188765	-0.160884	-0.182147	-0.188765	-0.230535	-0.12774	-0.224962	-0.276688	-0.246648	-0.201436	-0.261988	-0.55989	0
294	-0.168237	-0.351775	-0.160884	-0.160884	-0.188765	-0.160884	-0.182147	-0.188765	-0.230535	-0.12774	-0.224962	-0.276688	-0.246648	-0.201436	-0.261988	-0.55989	0
295	-0.168237	-0.351775	-0.160884	-0.160884	-0.188765	-0.160884	-0.182147	-0.188765	-0.230535	-0.12774	-0.224962	-0.276688	-0.246648	-0.201436	-0.261988	1.78196	0
296	-0.168237	-0.351775	-0.160884	-0.160884	-0.188765	-0.160884	5.47744	5.28542	-0.230535	-0.12774	-0.224962	-0.276688	4.04503	4.95295	3.80819	1.78196	1
297	-0.168237	-0.351775	-0.160884	-0.160884	-0.188765	-0.160884	-0.182147	-0.188765	-0.230535	-0.12774	-0.224962	-0.276688	-0.246648	-0.201436	-0.261988	-0.55989	1
298	-0.168237	-0.351775	-0.160884	-0.160884	-0.188765	-0.160884	-0.182147	-0.188765	-0.230535	-0.12774	-0.224962	-0.276688	4.04503	-0.201436	-0.261988	1.78196	0
299	-0.168237	-0.351775	-0.160884	-0.160884	-0.188765	-0.160884	-0.182147	-0.188765	-0.230535	-0.12774	-0.224962	-0.276688	-0.246648	-0.201436	-0.261988	-0.55989	0
300	-0.168237	-0.351775	-0.160884	-0.160884	-0.188765	-0.160884	-0.182147	-0.188765	-0.230535	-0.12774	-0.224962	-0.276688	-0.246648	-0.201436	-0.261988	-0.55989	0
301	-0.168237	-0.351775	-0.160884	-0.160884	-0.188765	-0.160884	-0.182147	-0.188765	-0.230535	-0.12774	-0.224962	-0.276688	-0.246648	-0.201436	-0.261988	-0.55989	1
302	-0.168237	-0.351775	6.20136	-0.160884	-0.188765	-0.160884	-0.182147	-0.188765	-0.230535	-0.12774	-0.224962	-0.276688	-0.246648	-0.201436	-0.261988	-0.55989	0
303	-0.168237	-0.351775	-0.160884	-0.160884	-0.188765	-0.160884	-0.182147	-0.188765	-0.230535	-0.12774	-0.224962	-0.276688	-0.246648	-0.201436	-0.261988	-0.55989	1
304	-0.168237	-0.351775	-0.160884	-0.160884	-0.188765	-0.160884	-0.182147	-0.188765	-0.230535	-0.12774	-0.224962	-0.276688	-0.246648	-0.201436	-0.261988	-0.55989	1
305	-0.168237	-0.351775	-0.160884	-0.160884	-0.188765	-0.160884	-0.182147	-0.188765	-0.230535	-0.12774	-0.224962	-0.276688	-0.246648	-0.201436	-0.261988	1.78196	1
306	-0.168237	-0.351775	-0.160884	-0.160884	-0.188765	-0.160884	-0.182147	-0.188765	-0.230535	-0.12774	-0.224962	-0.276688	-0.246648	-0.201436	-0.261988	-0.55989	1
307	-0.168237	-0.351775	-0.160884	-0.160884	-0.188765	-0.160884	-0.182147	-0.188765	-0.230535	-0.12774	-0.224962	-0.276688	-0.246648	-0.201436	-0.261988	-0.55989	1
308	-0.168237	-0.351775	-0.160884	-0.160884	-0.188765	-0.160884	-0.182147	-0.188765	-0.230535	-0.12774	-0.224962	-0.276688	-0.246648	-0.201436	-0.261988	1.78196	0
309	-0.168237	-0.351775	-0.160884	-0.160884	-0.188765	-0.160884	-0.182147	-0.188765	-0.230535	-0.12774	-0.224962	-0.276688	-0.246648	-0.201436	-0.261988	-0.55989	1
310	-0.168237	-0.351775	-0.160884	-0.160884	-0.188765	-0.160884	-0.182147	-0.188765	-0.230535	-0.12774	-0.224962	-0.276688	-0.246648	-0.201436	-0.261988	-0.55989	0
311	-0.168237	-0.351775	-0.160884	-0.160884	-0.188765	-0.160884	-0.182147	-0.188765	-0.230535	-0.12774	-0.224962	-0.276688	-0.246648	-0.201436	-0.261988	-0.55989	1
312	-0.168237	-0.351775	-0.160884	-0.160884	-0.188765	-0.160884	-0.182147	-0.188765	-0.230535	-0.12774	-0.224962	-0.276688	-0.246648	-0.201436	-0.261988	-0.55989	0
313	-0.168237	-0.351775	-0.160884	-0.160884	-0.188765	-0.160884	-0.182147	-0.188765	-0.230535	-0.12774	-0.224962	-0.276688	-0.246648	-0.201436	-0.261988	-0.55989	0
314	-0.168237	-0.351775	-0.160884	-0.160884	-0.188765	-0.160884	-0.182147	-0.188765	-0.230535	-0.12774	-0.224962	-0.276688	-0.246648	-0.201436	-0.261988	-0.55989	1
315	-0.168237	-0.351775	-0.160884	-0.160884	-0.188765	-0.160884	-0.182147	-0.188765	-0.230535	-0.12774	-0.224962	-0.276688	-0.246648	-0.201436	-0.261988	-0.55989	1
316	-0.168237	-0.351775	-0.160884	-0.160884	-0.188765	-0.160884	-0.182147	5.28542	-0.230535	-0.12774	-0.224962	-0.276688	4.04503	4.95295	-0.261988	1.78196	1
317	-0.168237	-0.351775	-0.160884	-0.160884	-0.188765	-0.160884	-0.182147	-0.188765	-0.230535	-0.12774	-0.224962	-0.276688	-0.246648	-0.201436	-0.261988	-0.55989	0
318	-0.168237	-0.351775	-0.160884	-0.160884	-0.188765	-0.160884	-0.182147	-0.188765	-0.230535	-0.12774	-0.224962	-0.276688	-0.246648	-0.201436	-0.261988	-0.55989	0
319	-0.168237	-0.351775	-0.160884	-0.160884	-0.188765	-0.160884	-0.182147	-0.188765	-0.230535	-0.12774	-0.224962	-0.276688	-0.246648	-0.201436	-0.261988	1.78196	0
320	-0.168237	-0.351775	-0.160884	-0.160884	-0.188765	-0.160884	-0.182147	-0.188765	-0.230535	-0.12774	-0.224962	-0.276688	-0.246648	-0.201436	-0.261988	1.78196	0
321	-0.168237	-0.351775	-0.160884	-0.160884	-0.188765	-0.160884	-0.182147	-0.188765	-0.230535	-0.12774	-0.224962	-0.276688	-0.246648	-0.201436	-0.261988	-0.55989	0
322	-0.168237	-0.351775	-0.160884	-0.160884	-0.188765	-0.160884	-0.182147	-0.188765	-0.230535	-0.12774	-0.224962	-0.276688	-0.246648	-0.201436	-0.261988	-0.55989	0
323	-0.168237	-0.351775	-0.160884	-0.160884	5.28542	-0.160884	-0.182147	5.28542	-0.230535	-0.12774	-0.224962	-0.276688	-0.246648	-0.201436	-0.261988	1.78196	0
324	-0.168237	-0.351775	-0.160884	-0.160884	-0.188765	-0.160884	-0.182147	-0.188765	4.32777	-0.12774	-0.224962	-0.276688	-0.246648	-0.201436	-0.261988	1.78196	0
325	-0.168237	-0.351775	-0.160884	-0.160884	-0.188765	-0.160884	-0.182147	-0.188765	-0.230535	-0.12774	-0.224962	-0.276688	-0.246648	-0.201436	-0.261988	-0.55989	1
326	-0.168237	-0.351775	-0.160884	-0.160884	-0.188765	-0.160884	-0.182147	-0.188765	4.32777	-0.12774	-0.224962	-0.276688	-0.246648	-0.201436	-0.261988	-0.55989	0
327	-0.168237	-0.351775	-0.160884	-0.160884	-0.188765	-0.160884	-0.182147	-0.188765	-0.230535	-0.12774	-0.224962	-0.276688	-0.246648	-0.201436	-0.261988	-0.55989	0
328	-0.168237	-0.351775	-0.160884	-0.160884	-0.188765	-0.160884	-0.182147	-0.188765	-0.230535	-0.12774	-0.224962	-0.276688	-0.246648	-0.201436	-0.261988	-0.55989	1
329	-0.168237	-0.351775	-0.160884	-0.160884	-0.188765	-0.160884	-0.182147	-0.188765	-0.230535	-0.12774	-0.224962	-0.276688	-0.246648	-0.201436	-0.261988	-0.55989	0
330	-0.168237	2.83619	-0.160884	-0.160884	-0.188765	-0.160884	-0.182147	-0.188765	-0.230535	-0.12774	-0.224962	-0.276688	-0.246648	-0.201436	-0.261988	1.78196	0
331	-0.168237	-0.351775	-0.160884	-0.160884	-0.188765	-0.160884	-0.182147	-0.188765	-0.230535	-0.12774	-0.224962	-0.276688	-0.246648	-0.201436	-0.261988	-0.55989	1
332	-0.168237	2.83619	-0.160884	-0.160884	-0.188765	-0.160884	-0.182147	-0.188765	-0.230535	-0.12774	-0.224962	-0.276688	-0.246648	-0.201436	-0.261988	1.78196	0
333	-0.168237	-0.351775	-0.160884	-0.160884	-0.188765	-0.160884	-0.182147	-0.188765	-0.230535	-0.12774	-0.224962	-0.276688	-0.246648	-0.201436	-0.261988	1.78196	0
334	-0.168237	-0.351775	-0.160884	-0.160884	-0.188765	-0.160884	-0.182147	-0.188765	-0.230535	-0.12774	-0.224962	-0.276688	-0.246648	-0.201436	-0.261988	-0.55989	0
335	-0.168237	-0.351775	-0.160884	-0.160884	-0.188765	-0.160884	-0.182147	-0.188765	4.32777	-0.12774	-0.224962	-0.276688	-0.246648	-0.201436	-0.261988	-0.55989	0
336	-0.168237	-0.351775	-0.160884	-0.160884	-0.188765	-0.160884	-0.182147	-0.188765	-0.230535	-0.12774	-0.224962	-0.276688	-0.246648	-0.201436	-0.261988	1.78196	1
337	-0.168237	-0.351775	-0.160884	-0.160884	-0.188765	-0.160884	-0.182147	-0.188765	-0.230535	-0.12774	-0.224962	-0.276688	-0.246648	-0.201436	3.80819	-0.55989	0
338	-0.168237	-0.351775	-0.160884	-0.160884	-0.188765	-0.160884	-0.182147	-0.188765	-0.230535	-0.12774	-0.224962	-0.276688	-0.246648	-0.201436	-0.261988	-0.55989	0
339	-0.168237	-0.351775	-0.160884	-0.160884	-0.188765	-0.160884	-0.182147	-0.188765	-0.230535	-0.12774	-0.224962	-0.276688	-0.246648	-0.201436	-0.261988	-0.55989	0
340	-0.168237	-0.351775	-0.160884	-0.160884	-0.188765	-0.160884	-0.182147	-0.188765	-0.230535	-0.12774	-0.224962	-0.276688	-0.246648	-0.201436	-0.261988	-0.55989	1
341	-0.168237	-0.351775	-0.160884	-0.160884	-0.188765	-0.160884	-0.182147	-0.188765	-0.230535	-0.12774	-0.224962	-0.276688	-0.246648	-0.201436	-0.261988	-0.55989	1
342	-0.168237	2.83619	-0.160884	6.20136	-0.188765	-0.160884	-0.182147	-0.188765	-0.230535	-0.12774	-0.224962	-0.276688	4.04503	4.95295	-0.261988	-0.55989	0
343	-0.168237	-0.351775	-0.160884	-0.160884	-0.188765	6.20136	-0.182147	-0.188765	-0.230535	-0.12774	-0.224962	-0.276688	-0.246648	-0.201436	-0.261988	-0.55989	0
344	-0.168237	-0.351775	-0.160884	-0.160884	-0.188765	-0.160884	-0.182147	-0.188765	-0.230535	-0.12774	-0.224962	-0.276688	-0.246648	-0.201436	-0.261988	-0.55989	1
345	-0.168237	-0.351775	-0.160884	-0.160884	-0.188765	-0.160884	-0.182147	-0.188765	-0.230535	-0.12774	-0.224962	-0.276688	-0.246648	-0.201436	-0.261988	-0.55989	0
346	-0.168237	-0.351775	-0.160884	-0.160884	-0.188765	-0.160884	-0.182147	-0.188765	-0.230535	-0.12774	-0.224962	-0.276688	-0.246648	-0.201436	-0.261988	-0.55989	1
347	-0.168237	-0.351775	-0.160884	-0.160884	-0.188765	-0.160884	-0.182147	-0.188765	-0.230535	-0.12774	-0.224962	-0.276688	-0.246648	-0.201436	-0.261988	-0.55989	1
348	-0.168237	-0.351775	-0.160884	-0.160884	-0.188765	-0.160884	-0.182147	-0.188765	-0.230535	-0.12774	-0.224962	-0.276688	-0.246648	-0.201436	-0.261988	-0.55989	1
349	-0.168237	-0.351775	-0.160884	-0.160884	-0.188765	-0.160884	-0.182147	-0.188765	-0.230535	-0.12774	-0.224962	-0.276688	-0.246648	-0.201436	-0.261988	1.78196	0
350	-0.168237	-0.351775	-0.160884	-0.160884	-0.188765	-0.160884	-0.182147	-0.188765	-0.230535	-0.12774	-0.224962	-0.276688	-0.246648	-0.201436	-0.261988	-0.55989	1
351	-0.168237	-0.351775	-0.160884	-0.160884	-0.188765	-0.160884	-0.182147	-0.188765	-0.230535	-0.12774	-0.224962	-0.276688	-0.246648	-0.201436	-0.261988	-0.55989	0
352	-0.168237	-0.351775	-0.160884	-0.160884	-0.188765	-0.160884	-0.182147	-0.188765	-0.230535	-0.12774	-0.224962	-0.276688	-0.246648	-0.201436	-0.261988	-0.55989	1
353	-0.168237	-0.351775	-0.160884	-0.160884	-0.188765	-0.160884	-0.182147	-0.188765	-0.230535	-0.12774	-0.224962	-0.276688	-0.246648	-0.201436	-0.261988	1.78196	0
354	-0.168237	-0.351775	-0.160884	-0.160884	-0.188765	-0.160884	-0.182147	-0.188765	-0.230535	-0.12774	-0.224962	-0.276688	-0.246648	-0.201436	-0.261988	-0.55989	1
355	-0.168237	-0.351775	-0.160884	-0.160884	-0.188765	-0.160884	-0.182147	-0.188765	-0.230535	-0.12774	-0.224962	3.60587	-0.246648	-0.201436	-0.261988	-0.55989	0
356	-0.168237	-0.351775	-0.160884	-0.160884	-0.188765	-0.160884	-0.182147	-0.188765	-0.230535	-0.12774	-0.224962	-0.276688	-0.246648	-0.201436	-0.261988	-0.55989	1
357	-0.168237	-0.351775	-0.160884	-0.160884	-0.188765	-0.160884	-0.182147	-0.188765	-0.230535	-0.12774	-0.224962	-0.276688	-0.246648	-0.201436	-0.261988	-0.55989	1
358	-0.168237	-0.351775	-0.160884	-0.160884	-0.188765	-0.160884	-0.182147	-0.188765	-0.230535	-0.12774	-0.224962	-0.276688	-0.246648	-0.201436	-0.261988	-0.55989	1
359	-0.168237	-0.351775	-0.160884	-0.160884	-0.188765	-0.160884	-0.182147	-0.188765	-0.230535	-0.12774	-0.224962	-0.276688	-0.246648	-0.201436	-0.261988	1.78196	0
360	-0.168237	-0.351775	-0.160884	-0.160884	-0.188765	-0.160884	-0.182147	-0.188765	-0.230535	-0.12774	4.43497	-0.276688	-0.246648	-0.201436	-0.261988	-0.55989	1
361	-0.168237	-0.351775	-0.160884	-0.160884	-0.188765	-0.160884	-0.182147	-0.188765	-0.230535	-0.12774	-0.224962	-0.276688	-0.246648	-0.201436	-0.261988	-0.55989	0
362	-0.168237	-0.351775	-0.160884	-0.160884	-0.188765	-0.160884	-0.182147	-0.188765	-0.230535	-0.12774	-0.224962	-0.276688	-0.246648	-0.201436	-0.261988	1.78196	0
363	-0.168237	-0.351775	-0.160884	-0.160884	-0.188765	-0.160884	-0.182147	-0.188765	-0.230535	-0.12774	-0.224962	-0.276688	-0.246648	-0.201436	-0.261988	-0.55989	0
364	-0.168237	-0.351775	-0.160884	-0.160884	-0.188765	-0.160884	-0.182147	-0.188765	-0.230535	-0.12774	-0.224962	-0.276688	-0.246648	-0.201436	-0.261988	-0.55989	1
365	-0.168237	-0.351775	-0.160884	-0.160884	-0.188765	-0.160884	-0.182147	-0.188765	-0.230535	-0.12774	-0.224962	-0.276688	-0.246648	-0.201436	-0.261988	-0.55989	1
366	-0.168237	-0.351775	-0.160884	-0.160884	-0.188765	-0.160884	-0.182147	-0.188765	-0.230535	-0.12774	-0.224962	-0.276688	-0.246648	-0.201436	-0.261988	-0.55989	0
367	-0.168237	-0.351775	-0.160884	-0.160884	-0.188765	-0.160884	-0.182147	-0.188765	-0.230535	-0.12774	-0.224962	-0.276688	-0.246648	-0.201436	-0.261988	1.78196	0
368	-0.168237	-0.351775	-0.160884	-0.160884	-0.188765	-0.160884	-0.182147	-0.188765	-0.230535	-0.12774	-0.224962	-0.276688	-0.246648	-0.201436	-0.261988	1.78196	0
369	-0.168237	-0.351775	-0.160884	-0.160884	-0.188765	-0.160884	-0.182147	-0.188765	-0.230535	-0.12774	-0.224962	-0.276688	-0.246648	-0.201436	-0.261988	-0.55989	0
370	-0.168237	-0.351775	-0.160884	-0.160884	-0.188765	-0.160884	-0.182147	-0.188765	-0.230535	-0.12774	-0.224962	-0.276688	-0.246648	-0.201436	-0.261988	-0.55989	1
371	-0.168237	-0.351775	-0.160884	-0.160884	5.28542	-0.160884	-0.182147	-0.188765	-0.230535	-0.12774	4.43497	3.60587	-0.246648	-0.201436	-0.261988	-0.55989	0
372	-0.168237	-0.351775	-0.160884	-0.160884	5.28542	-0.160884	-0.182147	-0.188765	-0.230535	-0.12774	-0.224962	-0.276688	-0.246648	-0.201436	-0.261988	1.78196	0
373	-0.168237	-0.351775	-0.160884	-0.160884	-0.188765	-0.160884	-0.182147	-0.188765	-0.230535	-0.12774	-0.224962	-0.276688	4.04503	-0.201436	-0.261988	-0.55989	0
374	-0.168237	-0.351775	-0.160884	6.20136	-0.188765	-0.160884	-0.182147	-0.188765	-0.230535	-0.12774	4.43497	-0.276688	-0.246648	-0.201436	3.80819	-0.55989	0
375	-0.168237	-0.351775	-0.160884	-0.160884	-0.188765	-0.160884	-0.182147	-0.188765	-0.230535	-0.12774	-0.224962	-0.276688	-0.246648	-0.201436	-0.261988	-0.55989	1
376	-0.168237	-0.351775	-0.160884	-0.160884	-0.188765	-0.160884	-0.182147	-0.188765	-0.230535	-0.12774	-0.224962	-0.276688	-0.246648	-0.201436	-0.261988	-0.55989	0
377	-0.168237	2.83619	-0.160884	-0.160884	-0.188765	-0.160884	-0.182147	-0.188765	-0.230535	-0.12774	-0.224962	-0.276688	-0.246648	-0.201436	-0.261988	-0.55989	0
378	-0.168237	-0.351775	-0.160884	-0.160884	-0.188765	-0.160884	5.47744	5.28542	-0.230535	-0.12774	4.43497	3.60587	-0.246648	4.95295	3.80819	1.78196	1
379	-0.168237	-0.351775	-0.160884	-0.160884	-0.188765	-0.160884	-0.182147	-0.188765	-0.230535	-0.12774	-0.224962	-0.276688	-0.246648	-0.201436	-0.261988	-0.55989	1
380	-0.168237	-0.351775	-0.160884	-0.160884	-0.188765	-0.160884	-0.182147	-0.188765	-0.230535	-0.12774	-0.224962	-0.276688	-0.246648	-0.201436	-0.261988	-0.55989	1
381	-0.168237	-0.351775	-0.160884	-0.160884	-0.188765	-0.160884	5.47744	-0.188765	-0.230535	-0.12774	-0.224962	-0.276688	-0.246648	-0.201436	-0.261988	-0.55989	0
382	-0.168237	-0.351775	-0.160884	-0.160884	-0.188765	-0.160884	-0.182147	-0.188765	-0.230535	-0.12774	-0.224962	-0.276688	-0.246648	-0.201436	-0.261988	1.78196	0
383	-0.168237	-0.351775	-0.160884	-0.160884	-0.188765	-0.160884	-0.182147	-0.188765	-0.230535	-0.12774	-0.224962	-0.276688	-0.246648	-0.201436	-0.261988	1.78196	0
384	-0.168237	-0.351775	-0.160884	-0.160884	-0.188765	-0.160884	-0.182147	-0.188765	-0.230535	-0.12774	-0.224962	-0.276688	-0.246648	-0.201436	-0.261988	-0.55989	0
385	-0.168237	-0.351775	-0.160884	-0.160884	-0.188765	-0.160884	-0.182147	-0.188765	-0.230535	-0.12774	-0.224962	-0.276688	-0.246648	-0.201436	-0.261988	-0.55989	0
386	-0.168237	-0.351775	-0.160884	-0.160884	-0.188765	-0.160884	-0.182147	-0.188765	-0.230535	-0.12774	-0.224962	-0.276688	-0.246648	-0.201436	-0.261988	-0.55989	0
387	-0.168237	2.83619	-0.160884	-0.160884	-0.188765	-0.160884	-0.182147	-0.188765	-0.230535	-0.12774	-0.224962	-0.276688	-0.246648	-0.201436	-0.261988	1.78196	0
388	-0.168237	-0.351775	-0.160884	-0.160884	-0.188765	-0.160884	-0.182147	-0.188765	-0.230535	-0.12774	-0.224962	-0.276688	-0.246648	-0.201436	-0.261988	1.78196	0
389	-0.168237	-0.351775	-0.160884	-0.160884	-0.188765	-0.160884	-0.182147	-0.188765	-0.230535	-0.12774	-0.224962	-0.276688	-0.246648	-0.201436	-0.261988	1.78196	0
390	-0.168237	-0.351775	-0.160884	-0.160884	-0.188765	-0.160884	-0.182147	-0.188765	-0.230535	7.8104	-0.224962	-0.276688	-0.246648	-0.201436	-0.261988	1.78196	0
391	5.93034	2.83619	-0.160884	-0.160884	5.28542	-0.160884	5.47744	-0.188765	-0.230535	-0.12774	-0.224962	-0.276688	-0.246648	-0.201436	-0.261988	1.78196	0
392	-0.168237	-0.351775	-0.160884	-0.160884	-0.188765	-0.160884	-0.182147	-0.188765	-0.230535	-0.12774	-0.224962	-0.276688	-0.246648	-0.201436	-0.261988	-0.55989	0
393	-0.168237	-0.351775	-0.160884	-0.160884	-0.188765	-0.160884	-0.182147	-0.188765	-0.230535	-0.12774	-0.224962	-0.276688	-0.246648	-0.201436	-0.261988	-0.55989	1
394	5.93034	2.83619	6.20136	6.20136	-0.188765	-0.160884	-0.182147	-0.188765	-0.230535	-0.12774	-0.224962	-0.276688	-0.246648	-0.201436	-0.261988	1.78196	1
395	-0.168237	-0.351775	6.20136	6.20136	5.28542	-0.160884	-0.182147	-0.188765	-0.230535	-0.12774	-0.224962	-0.276688	-0.246648	-0.201436	-0.261988	-0.55989	0
396	-0.168237	-0.351775	-0.160884	6.20136	-0.188765	-0.160884	-0.182147	-0.188765	-0.230535	-0.12774	-0.224962	3.60587	-0.246648	-0.201436	-0.261988	-0.55989	0
397	-0.168237	-0.351775	-0.160884	-0.160884	-0.188765	-0.160884	-0.182147	-0.188765	-0.230535	-0.12774	-0.224962	-0.276688	-0.246648	-0.201436	-0.261988	-0.55989	0
398	-0.168237	-0.351775	-0.160884	-0.160884	-0.188765	6.20136	-0.182147	-0.188765	-0.230535	-0.12774	-0.224962	-0.276688	-0.246648	-0.201436	-0.261988	-0.55989	0
399	-0.168237	-0.351775	-0.160884	-0.160884	-0.188765	-0.160884	-0.182147	-0.188765	-0.230535	-0.12774	-0.224962	-0.276688	-0.246648	-0.201436	-0.261988	-0.55989	0
400	-0.168237	-0.351775	-0.160884	-0.160884	5.28542	-0.160884	-0.182147	-0.188765	-0.230535	-0.12774	-0.224962	-0.276688	-0.246648	-0.201436	-0.261988	-0.55989	1
401	-0.168237	-0.351775	-0.160884	-0.160884	-0.188765	-0.160884	-0.182147	5.28542	-0.230535	-0.12774	4.43497	3.60587	4.04503	-0.201436	-0.261988	1.78196	1
402	-0.168237	-0.351775	-0.160884	-0.160884	-0.188765	-0.160884	-0.182147	-0.188765	-0.230535	-0.12774	-0.224962	-0.276688	-0.246648	-0.201436	-0.261988	-0.55989	1
403	5.93034	-0.351775	-0.160884	-0.160884	-0.188765	-0.160884	-0.182147	-0.188765	-0.230535	-0.12774	-0.224962	-0.276688	-0.246648	-0.201436	-0.261988	-0.55989	1
404	-0.168237	-0.351775	-0.160884	-0.160884	-0.188765	-0.160884	-0.182147	-0.188765	-0.230535	-0.12774	-0.224962	-0.276688	4.04503	-0.201436	-0.261988	-0.55989	1
405	-0.168237	-0.351775	-0.160884	-0.160884	-0.188765	-0.160884	-0.182147	-0.188765	-0.230535	-0.12774	-0.224962	-0.276688	-0.246648	-0.201436	-0.261988	-0.55989	1
406	-0.168237	-0.351775	-0.160884	-0.160884	-0.188765	-0.160884	-0.182147	-0.188765	-0.230535	-0.12774	-0.224962	-0.276688	-0.246648	-0.201436	-0.261988	-0.55989	1
407	-0.168237	-0.351775	-0.160884	-0.160884	-0.188765	-0.160884	-0.182147	-0.188765	-0.230535	-0.12774	-0.224962	-0.276688	-0.246648	-0.201436	-0.261988	-0.55989	0
408	-0.168237	-0.351775	-0.160884	-0.160884	-0.188765	-0.160884	-0.182147	-0.188765	-0.230535	-0.12774	-0.224962	-0.276688	-0.246648	-0.201436	-0.261988	-0.55989	0
409	-0.168237	-0.351775	-0.160884	-0.160884	-0.188765	-0.160884	-0.182147	-0.188765	-0.230535	-0.12774	-0.224962	-0.276688	4.04503	-0.201436	-0.261988	-0.55989	0
410	-0.168237	-0.351775	-0.160884	-0.160884	-0.188765	-0.160884	-0.182147	-0.188765	-0.230535	-0.12774	-0.224962	-0.276688	-0.246648	-0.201436	-0.261988	-0.55989	1
411	-0.168237	-0.351775	-0.160884	-0.160884	-0.188765	-0.160884	-0.182147	-0.188765	-0.230535	-0.12774	-0.224962	-0.276688	-0.246648	-0.201436	-0.261988	-0.55989	1
412	-0.168237	-0.351775	-0.160884	-0.160884	-0.188765	-0.160884	-0.182147	-0.188765	-0.230535	-0.12774	-0.224962	-0.276688	-0.246648	-0.201436	-0.261988	-0.55989	0
413	-0.168237	-0.351775	-0.160884	-0.160884	-0.188765	-0.160884	-0.182147	-0.188765	-0.230535	-0.12774	-0.224962	-0.276688	-0.246648	-0.201436	-0.261988	-0.55989	1
414	-0.168237	-0.351775	-0.160884	-0.160884	-0.188765	-0.160884	-0.182147	-0.188765	-0.230535	-0.12774	4.43497	3.60587	4.04503	-0.201436	-0.261988	-0.55989	1
415	-0.168237	-0.351775	-0.160884	-0.160884	-0.188765	-0.160884	-0.182147	-0.188765	-0.230535	-0.12774	-0.224962	-0.276688	-0.246648	-0.201436	-0.261988	-0.55989	0
416	-0.168237	-0.351775	-0.160884	-0.160884	-0.188765	-0.160884	-0.182147	-0.188765	4.32777	-0.12774	-0.224962	-0.276688	-0.246648	-0.201436	-0.261988	-0.55989	0
417	-0.168237	-0.351775	-0.160884	-0.160884	-0.188765	-0.160884	-0.182147	-0.188765	-0.230535	-0.12774	-0.224962	-0.276688	-0.246648	-0.201436	-0.261988	-0.55989	1
418	-0.168237	-0.351775	-0.160884	-0.160884	-0.188765	-0.160884	-0.182147	-0.188765	-0.230535	-0.12774	-0.224962	-0.276688	-0.246648	-0.201436	-0.261988	-0.55989	0
419	-0.168237	-0.351775	-0.160884	-0.160884	-0.188765	-0.160884	-0.182147	-0.188765	-0.230535	-0.12774	-0.224962	-0.276688	-0.246648	-0.201436	-0.261988	-0.55989	0
420	-0.168237	-0.351775	-0.160884	-0.160884	-0.188765	-0.160884	-0.182147	-0.188765	-0.230535	-0.12774	-0.224962	-0.276688	-0.246648	-0.201436	-0.261988	-0.55989	0
421	-0.168237	-0.351775	-0.160884	-0.160884	-0.188765	-0.160884	-0.182147	-0.188765	-0.230535	-0.12774	-0.224962	-0.276688	-0.246648	-0.201436	-0.261988	-0.55989	1
422	-0.168237	-0.351775	-0.160884	-0.160884	-0.188765	-0.160884	-0.182147	-0.188765	-0.230535	-0.12774	-0.224962	-0.276688	-0.246648	-0.201436	-0.261988	-0.55989	0
423	-0.168237	-0.351775	-0.160884	-0.160884	-0.188765	-0.160884	-0.182147	-0.188765	-0.230535	-0.12774	-0.224962	-0.276688	-0.246648	-0.201436	-0.261988	-0.55989	0
424	-0.168237	-0.351775	-0.160884	-0.160884	-0.188765	-0.160884	-0.182147	-0.188765	-0.230535	-0.12774	-0.224962	-0.276688	-0.246648	-0.201436	-0.261988	-0.55989	0
425	-0.168237	-0.351775	-0.160884	-0.160884	-0.188765	6.20136	-0.182147	-0.188765	-0.230535	-0.12774	-0.224962	-0.276688	4.04503	-0.201436	-0.261988	-0.55989	0
426	-0.168237	-0.351775	-0.160884	-0.160884	-0.188765	-0.160884	-0.182147	-0.188765	-0.230535	-0.12774	-0.224962	-0.276688	-0.246648	-0.201436	-0.261988	1.78196	0
427	-0.168237	-0.351775	-0.160884	-0.160884	-0.188765	-0.160884	-0.182147	-0.188765	-0.230535	-0.12774	-0.224962	-0.276688	-0.246648	-0.201436	-0.261988	-0.55989	0
428	-0.168237	-0.351775	-0.160884	-0.160884	-0.188765	-0.160884	-0.182147	-0.188765	-0.230535	-0.12774	-0.224962	-0.276688	-0.246648	-0.201436	-0.261988	-0.55989	1
429	5.93034	2.83619	6.20136	-0.160884	-0.188765	-0.160884	-0.182147	-0.188765	-0.230535	-0.12774	-0.224962	-0.276688	-0.246648	-0.201436	-0.261988	-0.55989	0
430	-0.168237	-0.351775	-0.160884	-0.160884	5.28542	-0.160884	-0.182147	-0.188765	-0.230535	-0.12774	-0.224962	-0.276688	-0.246648	4.95295	-0.261988	-0.55989	0
431	-0.168237	-0.351775	-0.160884	-0.160884	-0.188765	-0.160884	-0.182147	-0.188765	-0.230535	-0.12774	-0.224962	-0.276688	-0.246648	-0.201436	-0.261988	-0.55989	1
432	-0.168237	-0.351775	-0.160884	-0.160884	-0.188765	-0.160884	-0.182147	-0.188765	-0.230535	-0.12774	-0.224962	-0.276688	-0.246648	-0.201436	-0.261988	-0.55989	0
433	-0.168237	2.83619	-0.160884	-0.160884	-0.188765	-0.160884	-0.182147	-0.188765	-0.230535	-0.12774	-0.224962	-0.276688	-0.246648	-0.201436	-0.261988	-0.55989	1
434	-0.168237	-0.351775	-0.160884	-0.160884	-0.188765	-0.160884	5.47744	5.28542	4.32777	7.8104	-0.224962	-0.276688	-0.246648	-0.201436	-0.261988	-0.55989	1
435	-0.168237	-0.351775	-0.160884	-0.160884	-0.188765	-0.160884	-0.182147	-0.188765	-0.230535	-0.12774	-0.224962	-0.276688	-0.246648	-0.201436	3.80819	-0.55989	1
