	f1	f2	f3	f4	f5	f6	f7	f8	clase
1	2.04045	-1.78471	-0.561586	-1.46912	0.999349	-1.34077	-1.7593	-1.81339	0
2	2.04045	-1.78471	-0.561586	-1.46912	0.999349	-0.446922	-1.7593	-1.81339	0
3	2.04045	-1.78471	-0.561586	-1.46912	0.999349	0.446922	-1.7593	-1.81339	0
4	2.04045	-1.78471	-0.561586	-1.46912	0.999349	1.34077	-1.7593	-1.81339	0
5	1.28414	-1.22844	0	-1.1979	0.999349	-1.34077	-1.7593	-1.81339	1
6	1.28414	-1.22844	0	-1.1979	0.999349	-0.446922	-1.7593	-1.81339	1
7	1.28414	-1.22844	0	-1.1979	0.999349	0.446922	-1.7593	-1.81339	1
8	1.28414	-1.22844	0	-1.1979	0.999349	1.34077	-1.7593	-1.81339	1
9	0.90599	-0.950301	-0.561586	-0.655453	0.999349	-1.34077	-1.7593	-1.81339	1
10	0.90599	-0.950301	-0.561586	-0.655453	0.999349	-0.446922	-1.7593	-1.81339	1
11	0.90599	-0.950301	-0.561586	-0.655453	0.999349	0.446922	-1.7593	-1.81339	1
12	0.90599	-0.950301	-0.561586	-0.655453	0.999349	1.34077	-1.7593	-1.81339	1
13	0.527838	-0.672164	0	-0.655453	0.999349	-1.34077	-1.7593	-1.81339	0
14	0.527838	-0.672164	0	-0.655453	0.999349	-0.446922	-1.7593	-1.81339	1
15	0.527838	-0.672164	0	-0.655453	0.999349	0.446922	-1.7593	-1.81339	0
16	0.527838	-0.672164	0	-0.655453	0.999349	1.34077	-1.7593	-1.81339	0
17	0.244223	-0.394027	0.561586	-0.655453	0.999349	-1.34077	-1.7593	-1.81339	2
18	0.244223	-0.394027	0.561586	-0.655453	0.999349	-0.446922	-1.7593	-1.81339	2
19	0.244223	-0.394027	0.561586	-0.655453	0.999349	0.446922	-1.7593	-1.81339	2
20	0.244223	-0.394027	0.561586	-0.655453	0.999349	1.34077	-1.7593	-1.81339	2
21	-0.0393909	-0.11589	2.24634	-1.1979	0.999349	-1.34077	-1.7593	-1.81339	1
22	-0.0393909	-0.11589	2.24634	-1.1979	0.999349	-0.446922	-1.7593	-1.81339	1
23	-0.0393909	-0.11589	2.24634	-1.1979	0.999349	0.446922	-1.7593	-1.81339	1
24	-0.0393909	-0.11589	2.24634	-1.1979	0.999349	1.34077	-1.7593	-1.81339	1
25	-0.228467	0.162247	-1.68476	0.971879	-0.999349	-1.34077	-1.7593	-1.81339	0
26	-0.228467	0.162247	-1.68476	0.971879	-0.999349	-0.446922	-1.7593	-1.81339	0
27	-0.228467	0.162247	-1.68476	0.971879	-0.999349	0.446922	-1.7593	-1.81339	0
28	-0.228467	0.162247	-1.68476	0.971879	-0.999349	1.34077	-1.7593	-1.81339	0
29	-0.512081	0.440383	-1.12317	0.971879	-0.999349	-1.34077	-1.7593	-1.81339	0
30	-0.512081	0.440383	-1.12317	0.971879	-0.999349	-0.446922	-1.7593	-1.81339	0
31	-0.512081	0.440383	-1.12317	0.971879	-0.999349	0.446922	-1.7593	-1.81339	0
32	-0.512081	0.440383	-1.12317	0.971879	-0.999349	1.34077	-1.7593	-1.81339	0
33	-0.701157	0.71852	-0.561586	0.971879	-0.999349	-1.34077	-1.7593	-1.81339	0
34	-0.701157	0.71852	-0.561586	0.971879	-0.999349	-0.446922	-1.7593	-1.81339	0
35	-0.701157	0.71852	-0.561586	0.971879	-0.999349	0.446922	-1.7593	-1.81339	0
36	-0.701157	0.71852	-0.561586	0.971879	-0.999349	1.34077	-1.7593	-1.81339	0
37	-0.984772	0.996657	0	0.971879	-0.999349	-1.34077	-1.7593	-1.81339	0
38	-0.984772	0.996657	0	0.971879	-0.999349	-0.446922	-1.7593	-1.81339	0
39	-0.984772	0.996657	0	0.971879	-0.999349	0.446922	-1.7593	-1.81339	0
40	-0.984772	0.996657	0	0.971879	-0.999349	1.34077	-1.7593	-1.81339	0
41	-1.17385	1.27479	0.561586	0.971879	-0.999349	-1.34077	-1.7593	-1.81339	0
42	-1.17385	1.27479	0.561586	0.971879	-0.999349	-0.446922	-1.7593	-1.81339	0
43	-1.17385	1.27479	0.561586	0.971879	-0.999349	0.446922	-1.7593	-1.81339	0
44	-1.17385	1.27479	0.561586	0.971879	-0.999349	1.34077	-1.7593	-1.81339	0
45	-1.36292	1.55293	1.12317	0.971879	-0.999349	-1.34077	-1.7593	-1.81339	0
46	-1.36292	1.55293	1.12317	0.971879	-0.999349	-0.446922	-1.7593	-1.81339	0
47	-1.36292	1.55293	1.12317	0.971879	-0.999349	0.446922	-1.7593	-1.81339	0
48	-1.36292	1.55293	1.12317	0.971879	-0.999349	1.34077	-1.7593	-1.81339	0
49	2.04045	-1.78471	-0.561586	-1.46912	0.999349	-1.34077	-1.00867	-1.16863	1
50	2.04045	-1.78471	-0.561586	-1.46912	0.999349	-0.446922	-1.00867	-1.16863	1
51	2.04045	-1.78471	-0.561586	-1.46912	0.999349	0.446922	-1.00867	-1.16863	1
52	2.04045	-1.78471	-0.561586	-1.46912	0.999349	1.34077	-1.00867	-1.16863	1
53	1.28414	-1.22844	0	-1.1979	0.999349	-1.34077	-1.00867	-1.16863	2
54	1.28414	-1.22844	0	-1.1979	0.999349	-0.446922	-1.00867	-1.16863	2
55	1.28414	-1.22844	0	-1.1979	0.999349	0.446922	-1.00867	-1.16863	2
56	1.28414	-1.22844	0	-1.1979	0.999349	1.34077	-1.00867	-1.16863	1
57	0.90599	-0.950301	-0.561586	-0.655453	0.999349	-1.34077	-1.00867	-1.16863	1
58	0.90599	-0.950301	-0.561586	-0.655453	0.999349	-0.446922	-1.00867	-1.16863	1
59	0.90599	-0.950301	-0.561586	-0.655453	0.999349	0.446922	-1.00867	-1.16863	1
60	0.90599	-0.950301	-0.561586	-0.655453	0.999349	1.34077	-1.00867	-1.16863	1
61	0.527838	-0.672164	0	-0.655453	0.999349	-1.34077	-1.00867	-1.16863	1
62	0.527838	-0.672164	0	-0.655453	0.999349	-0.446922	-1.00867	-1.16863	1
63	0.527838	-0.672164	0	-0.655453	0.999349	0.446922	-1.00867	-1.16863	1
64	0.527838	-0.672164	0	-0.655453	0.999349	1.34077	-1.00867	-1.16863	1
65	0.244223	-0.394027	0.561586	-0.655453	0.999349	-1.34077	-1.00867	-1.16863	2
66	0.244223	-0.394027	0.561586	-0.655453	0.999349	-0.446922	-1.00867	-1.16863	2
67	0.244223	-0.394027	0.561586	-0.655453	0.999349	0.446922	-1.00867	-1.16863	2
68	0.244223	-0.394027	0.561586	-0.655453	0.999349	1.34077	-1.00867	-1.16863	2
69	-0.0393909	-0.11589	2.24634	-1.1979	0.999349	-1.34077	-1.00867	-1.16863	2
70	-0.0393909	-0.11589	2.24634	-1.1979	0.999349	-0.446922	-1.00867	-1.16863	2
71	-0.0393909	-0.11589	2.24634	-1.1979	0.999349	0.446922	-1.00867	-1.16863	2
72	-0.0393909	-0.11589	2.24634	-1.1979	0.999349	1.34077	-1.00867	-1.16863	2
73	-0.228467	0.162247	-1.68476	0.971879	-0.999349	-1.34077	-1.00867	-1.16863	0
74	-0.228467	0.162247	-1.68476	0.971879	-0.999349	-0.446922	-1.00867	-1.16863	0
75	-0.228467	0.162247	-1.68476	0.971879	-0.999349	0.446922	-1.00867	-1.16863	0
76	-0.228467	0.162247	-1.68476	0.971879	-0.999349	1.34077	-1.00867	-1.16863	0
77	-0.512081	0.440383	-1.12317	0.971879	-0.999349	-1.34077	-1.00867	-1.16863	0
78	-0.512081	0.440383	-1.12317	0.971879	-0.999349	-0.446922	-1.00867	-1.16863	0
79	-0.512081	0.440383	-1.12317	0.971879	-0.999349	0.446922	-1.00867	-1.16863	0
80	-0.512081	0.440383	-1.12317	0.971879	-0.999349	1.34077	-1.00867	-1.16863	0
81	-0.701157	0.71852	-0.561586	0.971879	-0.999349	-1.34077	-1.00867	-1.16863	0
82	-0.701157	0.71852	-0.561586	0.971879	-0.999349	-0.446922	-1.00867	-1.16863	0
83	-0.701157	0.71852	-0.561586	0.971879	-0.999349	0.446922	-1.00867	-1.16863	0
84	-0.701157	0.71852	-0.561586	0.971879	-0.999349	1.34077	-1.00867	-1.16863	0
85	-0.984772	0.996657	0	0.971879	-0.999349	-1.34077	-1.00867	-1.16863	0
86	-0.984772	0.996657	0	0.971879	-0.999349	-0.446922	-1.00867	-1.16863	0
87	-0.984772	0.996657	0	0.971879	-0.999349	0.446922	-1.00867	-1.16863	0
88	-0.984772	0.996657	0	0.971879	-0.999349	1.34077	-1.00867	-1.16863	0
89	-1.17385	1.27479	0.561586	0.971879	-0.999349	-1.34077	-1.00867	-1.16863	0
90	-1.17385	1.27479	0.561586	0.971879	-0.999349	-0.446922	-1.00867	-1.16863	0
91	-1.17385	1.27479	0.561586	0.971879	-0.999349	0.446922	-1.00867	-1.16863	0
92	-1.17385	1.27479	0.561586	0.971879	-0.999349	1.34077	-1.00867	-1.16863	0
93	-1.36292	1.55293	1.12317	0.971879	-0.999349	-1.34077	-1.00867	-1.16863	0
94	-1.36292	1.55293	1.12317	0.971879	-0.999349	-0.446922	-1.00867	-1.16863	0
95	-1.36292	1.55293	1.12317	0.971879	-0.999349	0.446922	-1.00867	-1.16863	0
96	-1.36292	1.55293	1.12317	0.971879	-0.999349	1.34077	-1.00867	-1.16863	0
97	2.04045	-1.78471	-0.561586	-1.46912	0.999349	-1.34077	-1.00867	-0.523869	1
98	2.04045	-1.78471	-0.561586	-1.46912	0.999349	-0.446922	-1.00867	-0.523869	1
99	2.04045	-1.78471	-0.561586	-1.46912	0.999349	0.446922	-1.00867	-0.523869	1
100	2.04045	-1.78471	-0.561586	-1.46912	0.999349	1.34077	-1.00867	-0.523869	1
101	1.28414	-1.22844	0	-1.1979	0.999349	-1.34077	-1.00867	-0.523869	2
102	1.28414	-1.22844	0	-1.1979	0.999349	-0.446922	-1.00867	-0.523869	2
103	1.28414	-1.22844	0	-1.1979	0.999349	0.446922	-1.00867	-0.523869	2
104	1.28414	-1.22844	0	-1.1979	0.999349	1.34077	-1.00867	-0.523869	1
105	0.90599	-0.950301	-0.561586	-0.655453	0.999349	-1.34077	-1.00867	-0.523869	1
106	0.90599	-0.950301	-0.561586	-0.655453	0.999349	-0.446922	-1.00867	-0.523869	1
107	0.90599	-0.950301	-0.561586	-0.655453	0.999349	0.446922	-1.00867	-0.523869	1
108	0.90599	-0.950301	-0.561586	-0.655453	0.999349	1.34077	-1.00867	-0.523869	1
109	0.527838	-0.672164	0	-0.655453	0.999349	-1.34077	-1.00867	-0.523869	1
110	0.527838	-0.672164	0	-0.655453	0.999349	-0.446922	-1.00867	-0.523869	1
111	0.527838	-0.672164	0	-0.655453	0.999349	0.446922	-1.00867	-0.523869	1
112	0.527838	-0.672164	0	-0.655453	0.999349	1.34077	-1.00867	-0.523869	1
113	0.244223	-0.394027	0.561586	-0.655453	0.999349	-1.34077	-1.00867	-0.523869	2
114	0.244223	-0.394027	0.561586	-0.655453	0.999349	-0.446922	-1.00867	-0.523869	2
115	0.244223	-0.394027	0.561586	-0.655453	0.999349	0.446922	-1.00867	-0.523869	2
116	0.244223	-0.394027	0.561586	-0.655453	0.999349	1.34077	-1.00867	-0.523869	2
117	-0.0393909	-0.11589	2.24634	-1.1979	0.999349	-1.34077	-1.00867	-0.523869	2
118	-0.0393909	-0.11589	2.24634	-1.1979	0.999349	-0.446922	-1.00867	-0.523869	2
119	-0.0393909	-0.11589	2.24634	-1.1979	0.999349	0.446922	-1.00867	-0.523869	2
120	-0.0393909	-0.11589	2.24634	-1.1979	0.999349	1.34077	-1.00867	-0.523869	2
121	-0.228467	0.162247	-1.68476	0.971879	-0.999349	-1.34077	-1.00867	-0.523869	0
122	-0.228467	0.162247	-1.68476	0.971879	-0.999349	-0.446922	-1.00867	-0.523869	0
123	-0.228467	0.162247	-1.68476	0.971879	-0.999349	0.446922	-1.00867	-0.523869	0
124	-0.228467	0.162247	-1.68476	0.971879	-0.999349	1.34077	-1.00867	-0.523869	0
125	-0.512081	0.440383	-1.12317	0.971879	-0.999349	-1.34077	-1.00867	-0.523869	0
126	-0.512081	0.440383	-1.12317	0.971879	-0.999349	-0.446922	-1.00867	-0.523869	0
127	-0.512081	0.440383	-1.12317	0.971879	-0.999349	0.446922	-1.00867	-0.523869	0
128	-0.512081	0.440383	-1.12317	0.971879	-0.999349	1.34077	-1.00867	-0.523869	0
129	-0.701157	0.71852	-0.561586	0.971879	-0.999349	-1.34077	-1.00867	-0.523869	0
130	-0.701157	0.71852	-0.561586	0.971879	-0.999349	-0.446922	-1.00867	-0.523869	0
131	-0.701157	0.71852	-0.561586	0.971879	-0.999349	0.446922	-1.00867	-0.523869	0
132	-0.701157	0.71852	-0.561586	0.971879	-0.999349	1.34077	-1.00867	-0.523869	0
133	-0.984772	0.996657	0	0.971879	-0.999349	-1.34077	-1.00867	-0.523869	0
134	-0.984772	0.996657	0	0.971879	-0.999349	-0.446922	-1.00867	-0.523869	0
135	-0.984772	0.996657	0	0.971879	-0.999349	0.446922	-1.00867	-0.523869	0
136	-0.984772	0.996657	0	0.971879	-0.999349	1.34077	-1.00867	-0.523869	0
137	-1.17385	1.27479	0.561586	0.971879	-0.999349	-1.34077	-1.00867	-0.523869	0
138	-1.17385	1.27479	0.561586	0.971879	-0.999349	-0.446922	-1.00867	-0.523869	0
139	-1.17385	1.27479	0.561586	0.971879	-0.999349	0.446922	-1.00867	-0.523869	0
140	-1.17385	1.27479	0.561586	0.971879	-0.999349	1.34077	-1.00867	-0.523869	0
141	-1.36292	1.55293	1.12317	0.971879	-0.999349	-1.34077	-1.00867	-0.523869	0
142	-1.36292	1.55293	1.12317	0.971879	-0.999349	-0.446922	-1.00867	-0.523869	0
143	-1.36292	1.55293	1.12317	0.971879	-0.999349	0.446922	-1.00867	-0.523869	0
144	-1.36292	1.55293	1.12317	0.971879	-0.999349	1.34077	-1.00867	-0.523869	0
145	2.04045	-1.78471	-0.561586	-1.46912	0.999349	-1.34077	-1.00867	0.120893	1
146	2.04045	-1.78471	-0.561586	-1.46912	0.999349	-0.446922	-1.00867	0.120893	1
147	2.04045	-1.78471	-0.561586	-1.46912	0.999349	0.446922	-1.00867	0.120893	1
148	2.04045	-1.78471	-0.561586	-1.46912	0.999349	1.34077	-1.00867	0.120893	1
149	1.28414	-1.22844	0	-1.1979	0.999349	-1.34077	-1.00867	0.120893	1
150	1.28414	-1.22844	0	-1.1979	0.999349	-0.446922	-1.00867	0.120893	2
151	1.28414	-1.22844	0	-1.1979	0.999349	0.446922	-1.00867	0.120893	2
152	1.28414	-1.22844	0	-1.1979	0.999349	1.34077	-1.00867	0.120893	2
153	0.90599	-0.950301	-0.561586	-0.655453	0.999349	-1.34077	-1.00867	0.120893	1
154	0.90599	-0.950301	-0.561586	-0.655453	0.999349	-0.446922	-1.00867	0.120893	1
155	0.90599	-0.950301	-0.561586	-0.655453	0.999349	0.446922	-1.00867	0.120893	1
156	0.90599	-0.950301	-0.561586	-0.655453	0.999349	1.34077	-1.00867	0.120893	1
157	0.527838	-0.672164	0	-0.655453	0.999349	-1.34077	-1.00867	0.120893	1
158	0.527838	-0.672164	0	-0.655453	0.999349	-0.446922	-1.00867	0.120893	1
159	0.527838	-0.672164	0	-0.655453	0.999349	0.446922	-1.00867	0.120893	1
160	0.527838	-0.672164	0	-0.655453	0.999349	1.34077	-1.00867	0.120893	1
161	0.244223	-0.394027	0.561586	-0.655453	0.999349	-1.34077	-1.00867	0.120893	2
162	0.244223	-0.394027	0.561586	-0.655453	0.999349	-0.446922	-1.00867	0.120893	2
163	0.244223	-0.394027	0.561586	-0.655453	0.999349	0.446922	-1.00867	0.120893	2
164	0.244223	-0.394027	0.561586	-0.655453	0.999349	1.34077	-1.00867	0.120893	2
165	-0.0393909	-0.11589	2.24634	-1.1979	0.999349	-1.34077	-1.00867	0.120893	2
166	-0.0393909	-0.11589	2.24634	-1.1979	0.999349	-0.446922	-1.00867	0.120893	2
167	-0.0393909	-0.11589	2.24634	-1.1979	0.999349	0.446922	-1.00867	0.120893	2
168	-0.0393909	-0.11589	2.24634	-1.1979	0.999349	1.34077	-1.00867	0.120893	2
169	-0.228467	0.162247	-1.68476	0.971879	-0.999349	-1.34077	-1.00867	0.120893	0
170	-0.228467	0.162247	-1.68476	0.971879	-0.999349	-0.446922	-1.00867	0.120893	0
171	-0.228467	0.162247	-1.68476	0.971879	-0.999349	0.446922	-1.00867	0.120893	0
172	-0.228467	0.162247	-1.68476	0.971879	-0.999349	1.34077	-1.00867	0.120893	0
173	-0.512081	0.440383	-1.12317	0.971879	-0.999349	-1.34077	-1.00867	0.120893	0
174	-0.512081	0.440383	-1.12317	0.971879	-0.999349	-0.446922	-1.00867	0.120893	0
175	-0.512081	0.440383	-1.12317	0.971879	-0.999349	0.446922	-1.00867	0.120893	0
176	-0.512081	0.440383	-1.12317	0.971879	-0.999349	1.34077	-1.00867	0.120893	0
177	-0.701157	0.71852	-0.561586	0.971879	-0.999349	-1.34077	-1.00867	0.120893	0
178	-0.701157	0.71852	-0.561586	0.971879	-0.999349	-0.446922	-1.00867	0.120893	0
179	-0.701157	0.71852	-0.561586	0.971879	-0.999349	0.446922	-1.00867	0.120893	0
180	-0.701157	0.71852	-0.561586	0.971879	-0.999349	1.34077	-1.00867	0.120893	0
181	-0.984772	0.996657	0	0.971879	-0.999349	-1.34077	-1.00867	0.120893	0
182	-0.984772	0.996657	0	0.971879	-0.999349	-0.446922	-1.00867	0.120893	0
183	-0.984772	0.996657	0	0.971879	-0.999349	0.446922	-1.00867	0.120893	0
184	-0.984772	0.996657	0	0.971879	-0.999349	1.34077	-1.00867	0.120893	0
185	-1.17385	1.27479	0.561586	0.971879	-0.999349	-1.34077	-1.00867	0.120893	0
186	-1.17385	1.27479	0.561586	0.971879	-0.999349	-0.446922	-1.00867	0.120893	0
187	-1.17385	1.27479	0.561586	0.971879	-0.999349	0.446922	-1.00867	0.120893	0
188	-1.17385	1.27479	0.561586	0.971879	-0.999349	1.34077	-1.00867	0.120893	0
189	-1.36292	1.55293	1.12317	0.971879	-0.999349	-1.34077	-1.00867	0.120893	0
190	-1.36292	1.55293	1.12317	0.971879	-0.999349	-0.446922	-1.00867	0.120893	0
191	-1.36292	1.55293	1.12317	0.971879	-0.999349	0.446922	-1.00867	0.120893	0
192	-1.36292	1.55293	1.12317	0.971879	-0.999349	1.34077	-1.00867	0.120893	0
193	2.04045	-1.78471	-0.561586	-1.46912	0.999349	-1.34077	-1.00867	0.765655	1
194	2.04045	-1.78471	-0.561586	-1.46912	0.999349	-0.446922	-1.00867	0.765655	1
195	2.04045	-1.78471	-0.561586	-1.46912	0.999349	0.446922	-1.00867	0.765655	1
196	2.04045	-1.78471	-0.561586	-1.46912	0.999349	1.34077	-1.00867	0.765655	1
197	1.28414	-1.22844	0	-1.1979	0.999349	-1.34077	-1.00867	0.765655	2
198	1.28414	-1.22844	0	-1.1979	0.999349	-0.446922	-1.00867	0.765655	1
199	1.28414	-1.22844	0	-1.1979	0.999349	0.446922	-1.00867	0.765655	2
200	1.28414	-1.22844	0	-1.1979	0.999349	1.34077	-1.00867	0.765655	2
201	0.90599	-0.950301	-0.561586	-0.655453	0.999349	-1.34077	-1.00867	0.765655	1
202	0.90599	-0.950301	-0.561586	-0.655453	0.999349	-0.446922	-1.00867	0.765655	1
203	0.90599	-0.950301	-0.561586	-0.655453	0.999349	0.446922	-1.00867	0.765655	1
204	0.90599	-0.950301	-0.561586	-0.655453	0.999349	1.34077	-1.00867	0.765655	1
205	0.527838	-0.672164	0	-0.655453	0.999349	-1.34077	-1.00867	0.765655	1
206	0.527838	-0.672164	0	-0.655453	0.999349	-0.446922	-1.00867	0.765655	1
207	0.527838	-0.672164	0	-0.655453	0.999349	0.446922	-1.00867	0.765655	1
208	0.527838	-0.672164	0	-0.655453	0.999349	1.34077	-1.00867	0.765655	1
209	0.244223	-0.394027	0.561586	-0.655453	0.999349	-1.34077	-1.00867	0.765655	2
210	0.244223	-0.394027	0.561586	-0.655453	0.999349	-0.446922	-1.00867	0.765655	2
211	0.244223	-0.394027	0.561586	-0.655453	0.999349	0.446922	-1.00867	0.765655	2
212	0.244223	-0.394027	0.561586	-0.655453	0.999349	1.34077	-1.00867	0.765655	2
213	-0.0393909	-0.11589	2.24634	-1.1979	0.999349	-1.34077	-1.00867	0.765655	2
214	-0.0393909	-0.11589	2.24634	-1.1979	0.999349	-0.446922	-1.00867	0.765655	2
215	-0.0393909	-0.11589	2.24634	-1.1979	0.999349	0.446922	-1.00867	0.765655	2
216	-0.0393909	-0.11589	2.24634	-1.1979	0.999349	1.34077	-1.00867	0.765655	2
217	-0.228467	0.162247	-1.68476	0.971879	-0.999349	-1.34077	-1.00867	0.765655	0
218	-0.228467	0.162247	-1.68476	0.971879	-0.999349	-0.446922	-1.00867	0.765655	0
219	-0.228467	0.162247	-1.68476	0.971879	-0.999349	0.446922	-1.00867	0.765655	0
220	-0.228467	0.162247	-1.68476	0.971879	-0.999349	1.34077	-1.00867	0.765655	0
221	-0.512081	0.440383	-1.12317	0.971879	-0.999349	-1.34077	-1.00867	0.765655	0
222	-0.512081	0.440383	-1.12317	0.971879	-0.999349	-0.446922	-1.00867	0.765655	0
223	-0.512081	0.440383	-1.12317	0.971879	-0.999349	0.446922	-1.00867	0.765655	0
224	-0.512081	0.440383	-1.12317	0.971879	-0.999349	1.34077	-1.00867	0.765655	0
225	-0.701157	0.71852	-0.561586	0.971879	-0.999349	-1.34077	-1.00867	0.765655	0
226	-0.701157	0.71852	-0.561586	0.971879	-0.999349	-0.446922	-1.00867	0.765655	0
227	-0.701157	0.71852	-0.561586	0.971879	-0.999349	0.446922	-1.00867	0.765655	0
228	-0.701157	0.71852	-0.561586	0.971879	-0.999349	1.34077	-1.00867	0.765655	0
229	-0.984772	0.996657	0	0.971879	-0.999349	-1.34077	-1.00867	0.765655	0
230	-0.984772	0.996657	0	0.971879	-0.999349	-0.446922	-1.00867	0.765655	0
231	-0.984772	0.996657	0	0.971879	-0.999349	0.446922	-1.00867	0.765655	0
232	-0.984772	0.996657	0	0.971879	-0.999349	1.34077	-1.00867	0.765655	0
233	-1.17385	1.27479	0.561586	0.971879	-0.999349	-1.34077	-1.00867	0.765655	0
234	-1.17385	1.27479	0.561586	0.971879	-0.999349	-0.446922	-1.00867	0.765655	0
235	-1.17385	1.27479	0.561586	0.971879	-0.999349	0.446922	-1.00867	0.765655	0
236	-1.17385	1.27479	0.561586	0.971879	-0.999349	1.34077	-1.00867	0.765655	0
237	-1.36292	1.55293	1.12317	0.971879	-0.999349	-1.34077	-1.00867	0.765655	0
238	-1.36292	1.55293	1.12317	0.971879	-0.999349	-0.446922	-1.00867	0.765655	0
239	-1.36292	1.55293	1.12317	0.971879	-0.999349	0.446922	-1.00867	0.765655	0
240	-1.36292	1.55293	1.12317	0.971879	-0.999349	1.34077	-1.00867	0.765655	0
241	2.04045	-1.78471	-0.561586	-1.46912	0.999349	-1.34077	-1.00867	1.41042	1
242	2.04045	-1.78471	-0.561586	-1.46912	0.999349	-0.446922	-1.00867	1.41042	1
243	2.04045	-1.78471	-0.561586	-1.46912	0.999349	0.446922	-1.00867	1.41042	1
244	2.04045	-1.78471	-0.561586	-1.46912	0.999349	1.34077	-1.00867	1.41042	1
245	1.28414	-1.22844	0	-1.1979	0.999349	-1.34077	-1.00867	1.41042	2
246	1.28414	-1.22844	0	-1.1979	0.999349	-0.446922	-1.00867	1.41042	2
247	1.28414	-1.22844	0	-1.1979	0.999349	0.446922	-1.00867	1.41042	1
248	1.28414	-1.22844	0	-1.1979	0.999349	1.34077	-1.00867	1.41042	2
249	0.90599	-0.950301	-0.561586	-0.655453	0.999349	-1.34077	-1.00867	1.41042	1
250	0.90599	-0.950301	-0.561586	-0.655453	0.999349	-0.446922	-1.00867	1.41042	1
251	0.90599	-0.950301	-0.561586	-0.655453	0.999349	0.446922	-1.00867	1.41042	1
252	0.90599	-0.950301	-0.561586	-0.655453	0.999349	1.34077	-1.00867	1.41042	1
253	0.527838	-0.672164	0	-0.655453	0.999349	-1.34077	-1.00867	1.41042	1
254	0.527838	-0.672164	0	-0.655453	0.999349	-0.446922	-1.00867	1.41042	1
255	0.527838	-0.672164	0	-0.655453	0.999349	0.446922	-1.00867	1.41042	1
256	0.527838	-0.672164	0	-0.655453	0.999349	1.34077	-1.00867	1.41042	1
257	0.244223	-0.394027	0.561586	-0.655453	0.999349	-1.34077	-1.00867	1.41042	2
258	0.244223	-0.394027	0.561586	-0.655453	0.999349	-0.446922	-1.00867	1.41042	2
259	0.244223	-0.394027	0.561586	-0.655453	0.999349	0.446922	-1.00867	1.41042	2
260	0.244223	-0.394027	0.561586	-0.655453	0.999349	1.34077	-1.00867	1.41042	2
261	-0.0393909	-0.11589	2.24634	-1.1979	0.999349	-1.34077	-1.00867	1.41042	2
262	-0.0393909	-0.11589	2.24634	-1.1979	0.999349	-0.446922	-1.00867	1.41042	2
263	-0.0393909	-0.11589	2.24634	-1.1979	0.999349	0.446922	-1.00867	1.41042	2
264	-0.0393909	-0.11589	2.24634	-1.1979	0.999349	1.34077	-1.00867	1.41042	2
265	-0.228467	0.162247	-1.68476	0.971879	-0.999349	-1.34077	-1.00867	1.41042	0
266	-0.228467	0.162247	-1.68476	0.971879	-0.999349	-0.446922	-1.00867	1.41042	0
267	-0.228467	0.162247	-1.68476	0.971879	-0.999349	0.446922	-1.00867	1.41042	0
268	-0.228467	0.162247	-1.68476	0.971879	-0.999349	1.34077	-1.00867	1.41042	0
269	-0.512081	0.440383	-1.12317	0.971879	-0.999349	-1.34077	-1.00867	1.41042	0
270	-0.512081	0.440383	-1.12317	0.971879	-0.999349	-0.446922	-1.00867	1.41042	0
271	-0.512081	0.440383	-1.12317	0.971879	-0.999349	0.446922	-1.00867	1.41042	0
272	-0.512081	0.440383	-1.12317	0.971879	-0.999349	1.34077	-1.00867	1.41042	0
273	-0.701157	0.71852	-0.561586	0.971879	-0.999349	-1.34077	-1.00867	1.41042	0
274	-0.701157	0.71852	-0.561586	0.971879	-0.999349	-0.446922	-1.00867	1.41042	0
275	-0.701157	0.71852	-0.561586	0.971879	-0.999349	0.446922	-1.00867	1.41042	0
276	-0.701157	0.71852	-0.561586	0.971879	-0.999349	1.34077	-1.00867	1.41042	0
277	-0.984772	0.996657	0	0.971879	-0.999349	-1.34077	-1.00867	1.41042	0
278	-0.984772	0.996657	0	0.971879	-0.999349	-0.446922	-1.00867	1.41042	0
279	-0.984772	0.996657	0	0.971879	-0.999349	0.446922	-1.00867	1.41042	0
280	-0.984772	0.996657	0	0.971879	-0.999349	1.34077	-1.00867	1.41042	0
281	-1.17385	1.27479	0.561586	0.971879	-0.999349	-1.34077	-1.00867	1.41042	0
282	-1.17385	1.27479	0.561586	0.971879	-0.999349	-0.446922	-1.00867	1.41042	0
283	-1.17385	1.27479	0.561586	0.971879	-0.999349	0.446922	-1.00867	1.41042	0
284	-1.17385	1.27479	0.561586	0.971879	-0.999349	1.34077	-1.00867	1.41042	0
285	-1.36292	1.55293	1.12317	0.971879	-0.999349	-1.34077	-1.00867	1.41042	0
286	-1.36292	1.55293	1.12317	0.971879	-0.999349	-0.446922	-1.00867	1.41042	0
287	-1.36292	1.55293	1.12317	0.971879	-0.999349	0.446922	-1.00867	1.41042	0
288	-1.36292	1.55293	1.12317	0.971879	-0.999349	1.34077	-1.00867	1.41042	0
289	2.04045	-1.78471	-0.561586	-1.46912	0.999349	-1.34077	0.117287	-1.16863	1
290	2.04045	-1.78471	-0.561586	-1.46912	0.999349	-0.446922	0.117287	-1.16863	1
291	2.04045	-1.78471	-0.561586	-1.46912	0.999349	0.446922	0.117287	-1.16863	2
292	2.04045	-1.78471	-0.561586	-1.46912	0.999349	1.34077	0.117287	-1.16863	2
293	1.28414	-1.22844	0	-1.1979	0.999349	-1.34077	0.117287	-1.16863	2
294	1.28414	-1.22844	0	-1.1979	0.999349	-0.446922	0.117287	-1.16863	2
295	1.28414	-1.22844	0	-1.1979	0.999349	0.446922	0.117287	-1.16863	2
296	1.28414	-1.22844	0	-1.1979	0.999349	1.34077	0.117287	-1.16863	2
297	0.90599	-0.950301	-0.561586	-0.655453	0.999349	-1.34077	0.117287	-1.16863	2
298	0.90599	-0.950301	-0.561586	-0.655453	0.999349	-0.446922	0.117287	-1.16863	2
299	0.90599	-0.950301	-0.561586	-0.655453	0.999349	0.446922	0.117287	-1.16863	2
300	0.90599	-0.950301	-0.561586	-0.655453	0.999349	1.34077	0.117287	-1.16863	2
301	0.527838	-0.672164	0	-0.655453	0.999349	-1.34077	0.117287	-1.16863	1
302	0.527838	-0.672164	0	-0.655453	0.999349	-0.446922	0.117287	-1.16863	1
303	0.527838	-0.672164	0	-0.655453	0.999349	0.446922	0.117287	-1.16863	1
304	0.527838	-0.672164	0	-0.655453	0.999349	1.34077	0.117287	-1.16863	1
305	0.244223	-0.394027	0.561586	-0.655453	0.999349	-1.34077	0.117287	-1.16863	2
306	0.244223	-0.394027	0.561586	-0.655453	0.999349	-0.446922	0.117287	-1.16863	2
307	0.244223	-0.394027	0.561586	-0.655453	0.999349	0.446922	0.117287	-1.16863	2
308	0.244223	-0.394027	0.561586	-0.655453	0.999349	1.34077	0.117287	-1.16863	2
309	-0.0393909	-0.11589	2.24634	-1.1979	0.999349	-1.34077	0.117287	-1.16863	2
310	-0.0393909	-0.11589	2.24634	-1.1979	0.999349	-0.446922	0.117287	-1.16863	2
311	-0.0393909	-0.11589	2.24634	-1.1979	0.999349	0.446922	0.117287	-1.16863	2
312	-0.0393909	-0.11589	2.24634	-1.1979	0.999349	1.34077	0.117287	-1.16863	2
313	-0.228467	0.162247	-1.68476	0.971879	-0.999349	-1.34077	0.117287	-1.16863	0
314	-0.228467	0.162247	-1.68476	0.971879	-0.999349	-0.446922	0.117287	-1.16863	0
315	-0.228467	0.162247	-1.68476	0.971879	-0.999349	0.446922	0.117287	-1.16863	0
316	-0.228467	0.162247	-1.68476	0.971879	-0.999349	1.34077	0.117287	-1.16863	0
317	-0.512081	0.440383	-1.12317	0.971879	-0.999349	-1.34077	0.117287	-1.16863	0
318	-0.512081	0.440383	-1.12317	0.971879	-0.999349	-0.446922	0.117287	-1.16863	0
319	-0.512081	0.440383	-1.12317	0.971879	-0.999349	0.446922	0.117287	-1.16863	0
320	-0.512081	0.440383	-1.12317	0.971879	-0.999349	1.34077	0.117287	-1.16863	0
321	-0.701157	0.71852	-0.561586	0.971879	-0.999349	-1.34077	0.117287	-1.16863	0
322	-0.701157	0.71852	-0.561586	0.971879	-0.999349	-0.446922	0.117287	-1.16863	0
323	-0.701157	0.71852	-0.561586	0.971879	-0.999349	0.446922	0.117287	-1.16863	0
324	-0.701157	0.71852	-0.561586	0.971879	-0.999349	1.34077	0.117287	-1.16863	0
325	-0.984772	0.996657	0	0.971879	-0.999349	-1.34077	0.117287	-1.16863	0
326	-0.984772	0.996657	0	0.971879	-0.999349	-0.446922	0.117287	-1.16863	0
327	-0.984772	0.996657	0	0.971879	-0.999349	0.446922	0.117287	-1.16863	0
328	-0.984772	0.996657	0	0.971879	-0.999349	1.34077	0.117287	-1.16863	0
329	-1.17385	1.27479	0.561586	0.971879	-0.999349	-1.34077	0.117287	-1.16863	1
330	-1.17385	1.27479	0.561586	0.971879	-0.999349	-0.446922	0.117287	-1.16863	1
331	-1.17385	1.27479	0.561586	0.971879	-0.999349	0.446922	0.117287	-1.16863	1
332	-1.17385	1.27479	0.561586	0.971879	-0.999349	1.34077	0.117287	-1.16863	1
333	-1.36292	1.55293	1.12317	0.971879	-0.999349	-1.34077	0.117287	-1.16863	0
334	-1.36292	1.55293	1.12317	0.971879	-0.999349	-0.446922	0.117287	-1.16863	0
335	-1.36292	1.55293	1.12317	0.971879	-0.999349	0.446922	0.117287	-1.16863	0
336	-1.36292	1.55293	1.12317	0.971879	-0.999349	1.34077	0.117287	-1.16863	0
337	2.04045	-1.78471	-0.561586	-1.46912	0.999349	-1.34077	0.117287	-0.523869	2
338	2.04045	-1.78471	-0.561586	-1.46912	0.999349	-0.446922	0.117287	-0.523869	2
339	2.04045	-1.78471	-0.561586	-1.46912	0.999349	0.446922	0.117287	-0.523869	1
340	2.04045	-1.78471	-0.561586	-1.46912	0.999349	1.34077	0.117287	-0.523869	2
341	1.28414	-1.22844	0	-1.1979	0.999349	-1.34077	0.117287	-0.523869	2
342	1.28414	-1.22844	0	-1.1979	0.999349	-0.446922	0.117287	-0.523869	2
343	1.28414	-1.22844	0	-1.1979	0.999349	0.446922	0.117287	-0.523869	2
344	1.28414	-1.22844	0	-1.1979	0.999349	1.34077	0.117287	-0.523869	2
345	0.90599	-0.950301	-0.561586	-0.655453	0.999349	-1.34077	0.117287	-0.523869	2
346	0.90599	-0.950301	-0.561586	-0.655453	0.999349	-0.446922	0.117287	-0.523869	2
347	0.90599	-0.950301	-0.561586	-0.655453	0.999349	0.446922	0.117287	-0.523869	2
348	0.90599	-0.950301	-0.561586	-0.655453	0.999349	1.34077	0.117287	-0.523869	2
349	0.527838	-0.672164	0	-0.655453	0.999349	-1.34077	0.117287	-0.523869	1
350	0.527838	-0.672164	0	-0.655453	0.999349	-0.446922	0.117287	-0.523869	1
351	0.527838	-0.672164	0	-0.655453	0.999349	0.446922	0.117287	-0.523869	1
352	0.527838	-0.672164	0	-0.655453	0.999349	1.34077	0.117287	-0.523869	1
353	0.244223	-0.394027	0.561586	-0.655453	0.999349	-1.34077	0.117287	-0.523869	2
354	0.244223	-0.394027	0.561586	-0.655453	0.999349	-0.446922	0.117287	-0.523869	2
355	0.244223	-0.394027	0.561586	-0.655453	0.999349	0.446922	0.117287	-0.523869	2
356	0.244223	-0.394027	0.561586	-0.655453	0.999349	1.34077	0.117287	-0.523869	2
357	-0.0393909	-0.11589	2.24634	-1.1979	0.999349	-1.34077	0.117287	-0.523869	2
358	-0.0393909	-0.11589	2.24634	-1.1979	0.999349	-0.446922	0.117287	-0.523869	2
359	-0.0393909	-0.11589	2.24634	-1.1979	0.999349	0.446922	0.117287	-0.523869	2
360	-0.0393909	-0.11589	2.24634	-1.1979	0.999349	1.34077	0.117287	-0.523869	2
361	-0.228467	0.162247	-1.68476	0.971879	-0.999349	-1.34077	0.117287	-0.523869	0
362	-0.228467	0.162247	-1.68476	0.971879	-0.999349	-0.446922	0.117287	-0.523869	0
363	-0.228467	0.162247	-1.68476	0.971879	-0.999349	0.446922	0.117287	-0.523869	0
364	-0.228467	0.162247	-1.68476	0.971879	-0.999349	1.34077	0.117287	-0.523869	0
365	-0.512081	0.440383	-1.12317	0.971879	-0.999349	-1.34077	0.117287	-0.523869	0
366	-0.512081	0.440383	-1.12317	0.971879	-0.999349	-0.446922	0.117287	-0.523869	0
367	-0.512081	0.440383	-1.12317	0.971879	-0.999349	0.446922	0.117287	-0.523869	0
368	-0.512081	0.440383	-1.12317	0.971879	-0.999349	1.34077	0.117287	-0.523869	0
369	-0.701157	0.71852	-0.561586	0.971879	-0.999349	-1.34077	0.117287	-0.523869	0
370	-0.701157	0.71852	-0.561586	0.971879	-0.999349	-0.446922	0.117287	-0.523869	0
371	-0.701157	0.71852	-0.561586	0.971879	-0.999349	0.446922	0.117287	-0.523869	0
372	-0.701157	0.71852	-0.561586	0.971879	-0.999349	1.34077	0.117287	-0.523869	0
373	-0.984772	0.996657	0	0.971879	-0.999349	-1.34077	0.117287	-0.523869	0
374	-0.984772	0.996657	0	0.971879	-0.999349	-0.446922	0.117287	-0.523869	0
375	-0.984772	0.996657	0	0.971879	-0.999349	0.446922	0.117287	-0.523869	0
376	-0.984772	0.996657	0	0.971879	-0.999349	1.34077	0.117287	-0.523869	0
377	-1.17385	1.27479	0.561586	0.971879	-0.999349	-1.34077	0.117287	-0.523869	1
378	-1.17385	1.27479	0.561586	0.971879	-0.999349	-0.446922	0.117287	-0.523869	0
379	-1.17385	1.27479	0.561586	0.971879	-0.999349	0.446922	0.117287	-0.523869	0
380	-1.17385	1.27479	0.561586	0.971879	-0.999349	1.34077	0.117287	-0.523869	0
381	-1.36292	1.55293	1.12317	0.971879	-0.999349	-1.34077	0.117287	-0.523869	0
382	-1.36292	1.55293	1.12317	0.971879	-0.999349	-0.446922	0.117287	-0.523869	0
383	-1.36292	1.55293	1.12317	0.971879	-0.999349	0.446922	0.117287	-0.523869	0
384	-1.36292	1.55293	1.12317	0.971879	-0.999349	1.34077	0.117287	-0.523869	0
385	2.04045	-1.78471	-0.561586	-1.46912	0.999349	-1.34077	0.117287	0.120893	2
386	2.04045	-1.78471	-0.561586	-1.46912	0.999349	-0.446922	0.117287	0.120893	2
387	2.04045	-1.78471	-0.561586	-1.46912	0.999349	0.446922	0.117287	0.120893	1
388	2.04045	-1.78471	-0.561586	-1.46912	0.999349	1.34077	0.117287	0.120893	2
389	1.28414	-1.22844	0	-1.1979	0.999349	-1.34077	0.117287	0.120893	2
390	1.28414	-1.22844	0	-1.1979	0.999349	-0.446922	0.117287	0.120893	2
391	1.28414	-1.22844	0	-1.1979	0.999349	0.446922	0.117287	0.120893	2
392	1.28414	-1.22844	0	-1.1979	0.999349	1.34077	0.117287	0.120893	2
393	0.90599	-0.950301	-0.561586	-0.655453	0.999349	-1.34077	0.117287	0.120893	2
394	0.90599	-0.950301	-0.561586	-0.655453	0.999349	-0.446922	0.117287	0.120893	2
395	0.90599	-0.950301	-0.561586	-0.655453	0.999349	0.446922	0.117287	0.120893	2
396	0.90599	-0.950301	-0.561586	-0.655453	0.999349	1.34077	0.117287	0.120893	2
397	0.527838	-0.672164	0	-0.655453	0.999349	-1.34077	0.117287	0.120893	1
398	0.527838	-0.672164	0	-0.655453	0.999349	-0.446922	0.117287	0.120893	1
399	0.527838	-0.672164	0	-0.655453	0.999349	0.446922	0.117287	0.120893	1
400	0.527838	-0.672164	0	-0.655453	0.999349	1.34077	0.117287	0.120893	1
401	0.244223	-0.394027	0.561586	-0.655453	0.999349	-1.34077	0.117287	0.120893	2
402	0.244223	-0.394027	0.561586	-0.655453	0.999349	-0.446922	0.117287	0.120893	2
403	0.244223	-0.394027	0.561586	-0.655453	0.999349	0.446922	0.117287	0.120893	2
404	0.244223	-0.394027	0.561586	-0.655453	0.999349	1.34077	0.117287	0.120893	2
405	-0.0393909	-0.11589	2.24634	-1.1979	0.999349	-1.34077	0.117287	0.120893	2
406	-0.0393909	-0.11589	2.24634	-1.1979	0.999349	-0.446922	0.117287	0.120893	2
407	-0.0393909	-0.11589	2.24634	-1.1979	0.999349	0.446922	0.117287	0.120893	2
408	-0.0393909	-0.11589	2.24634	-1.1979	0.999349	1.34077	0.117287	0.120893	2
409	-0.228467	0.162247	-1.68476	0.971879	-0.999349	-1.34077	0.117287	0.120893	0
410	-0.228467	0.162247	-1.68476	0.971879	-0.999349	-0.446922	0.117287	0.120893	0
411	-0.228467	0.162247	-1.68476	0.971879	-0.999349	0.446922	0.117287	0.120893	0
412	-0.228467	0.162247	-1.68476	0.971879	-0.999349	1.34077	0.117287	0.120893	0
413	-0.512081	0.440383	-1.12317	0.971879	-0.999349	-1.34077	0.117287	0.120893	0
414	-0.512081	0.440383	-1.12317	0.971879	-0.999349	-0.446922	0.117287	0.120893	0
415	-0.512081	0.440383	-1.12317	0.971879	-0.999349	0.446922	0.117287	0.120893	0
416	-0.512081	0.440383	-1.12317	0.971879	-0.999349	1.34077	0.117287	0.120893	0
417	-0.701157	0.71852	-0.561586	0.971879	-0.999349	-1.34077	0.117287	0.120893	0
418	-0.701157	0.71852	-0.561586	0.971879	-0.999349	-0.446922	0.117287	0.120893	0
419	-0.701157	0.71852	-0.561586	0.971879	-0.999349	0.446922	0.117287	0.120893	0
420	-0.701157	0.71852	-0.561586	0.971879	-0.999349	1.34077	0.117287	0.120893	0
421	-0.984772	0.996657	0	0.971879	-0.999349	-1.34077	0.117287	0.120893	0
422	-0.984772	0.996657	0	0.971879	-0.999349	-0.446922	0.117287	0.120893	0
423	-0.984772	0.996657	0	0.971879	-0.999349	0.446922	0.117287	0.120893	0
424	-0.984772	0.996657	0	0.971879	-0.999349	1.34077	0.117287	0.120893	0
425	-1.17385	1.27479	0.561586	0.971879	-0.999349	-1.34077	0.117287	0.120893	0
426	-1.17385	1.27479	0.561586	0.971879	-0.999349	-0.446922	0.117287	0.120893	0
427	-1.17385	1.27479	0.561586	0.971879	-0.999349	0.446922	0.117287	0.120893	0
428	-1.17385	1.27479	0.561586	0.971879	-0.999349	1.34077	0.117287	0.120893	0
429	-1.36292	1.55293	1.12317	0.971879	-0.999349	-1.34077	0.117287	0.120893	0
430	-1.36292	1.55293	1.12317	0.971879	-0.999349	-0.446922	0.117287	0.120893	0
431	-1.36292	1.55293	1.12317	0.971879	-0.999349	0.446922	0.117287	0.120893	0
432	-1.36292	1.55293	1.12317	0.971879	-0.999349	1.34077	0.117287	0.120893	0
433	2.04045	-1.78471	-0.561586	-1.46912	0.999349	-1.34077	0.117287	0.765655	2
434	2.04045	-1.78471	-0.561586	-1.46912	0.999349	-0.446922	0.117287	0.765655	2
435	2.04045	-1.78471	-0.561586	-1.46912	0.999349	0.446922	0.117287	0.765655	1
436	2.04045	-1.78471	-0.561586	-1.46912	0.999349	1.34077	0.117287	0.765655	2
437	1.28414	-1.22844	0	-1.1979	0.999349	-1.34077	0.117287	0.765655	2
438	1.28414	-1.22844	0	-1.1979	0.999349	-0.446922	0.117287	0.765655	2
439	1.28414	-1.22844	0	-1.1979	0.999349	0.446922	0.117287	0.765655	2
440	1.28414	-1.22844	0	-1.1979	0.999349	1.34077	0.117287	0.765655	2
441	0.90599	-0.950301	-0.561586	-0.655453	0.999349	-1.34077	0.117287	0.765655	2
442	0.90599	-0.950301	-0.561586	-0.655453	0.999349	-0.446922	0.117287	0.765655	2
443	0.90599	-0.950301	-0.561586	-0.655453	0.999349	0.446922	0.117287	0.765655	2
444	0.90599	-0.950301	-0.561586	-0.655453	0.999349	1.34077	0.117287	0.765655	2
445	0.527838	-0.672164	0	-0.655453	0.999349	-1.34077	0.117287	0.765655	1
446	0.527838	-0.672164	0	-0.655453	0.999349	-0.446922	0.117287	0.765655	1
447	0.527838	-0.672164	0	-0.655453	0.999349	0.446922	0.117287	0.765655	1
448	0.527838	-0.672164	0	-0.655453	0.999349	1.34077	0.117287	0.765655	1
449	0.244223	-0.394027	0.561586	-0.655453	0.999349	-1.34077	0.117287	0.765655	2
450	0.244223	-0.394027	0.561586	-0.655453	0.999349	-0.446922	0.117287	0.765655	2
451	0.244223	-0.394027	0.561586	-0.655453	0.999349	0.446922	0.117287	0.765655	2
452	0.244223	-0.394027	0.561586	-0.655453	0.999349	1.34077	0.117287	0.765655	2
453	-0.0393909	-0.11589	2.24634	-1.1979	0.999349	-1.34077	0.117287	0.765655	2
454	-0.0393909	-0.11589	2.24634	-1.1979	0.999349	-0.446922	0.117287	0.765655	2
455	-0.0393909	-0.11589	2.24634	-1.1979	0.999349	0.446922	0.117287	0.765655	2
456	-0.0393909	-0.11589	2.24634	-1.1979	0.999349	1.34077	0.117287	0.765655	2
457	-0.228467	0.162247	-1.68476	0.971879	-0.999349	-1.34077	0.117287	0.765655	0
458	-0.228467	0.162247	-1.68476	0.971879	-0.999349	-0.446922	0.117287	0.765655	0
459	-0.228467	0.162247	-1.68476	0.971879	-0.999349	0.446922	0.117287	0.765655	0
460	-0.228467	0.162247	-1.68476	0.971879	-0.999349	1.34077	0.117287	0.765655	0
461	-0.512081	0.440383	-1.12317	0.971879	-0.999349	-1.34077	0.117287	0.765655	0
462	-0.512081	0.440383	-1.12317	0.971879	-0.999349	-0.446922	0.117287	0.765655	0
463	-0.512081	0.440383	-1.12317	0.971879	-0.999349	0.446922	0.117287	0.765655	0
464	-0.512081	0.440383	-1.12317	0.971879	-0.999349	1.34077	0.117287	0.765655	0
465	-0.701157	0.71852	-0.561586	0.971879	-0.999349	-1.34077	0.117287	0.765655	0
466	-0.701157	0.71852	-0.561586	0.971879	-0.999349	-0.446922	0.117287	0.765655	0
467	-0.701157	0.71852	-0.561586	0.971879	-0.999349	0.446922	0.117287	0.765655	0
468	-0.701157	0.71852	-0.561586	0.971879	-0.999349	1.34077	0.117287	0.765655	0
469	-0.984772	0.996657	0	0.971879	-0.999349	-1.34077	0.117287	0.765655	0
470	-0.984772	0.996657	0	0.971879	-0.999349	-0.446922	0.117287	0.765655	0
471	-0.984772	0.996657	0	0.971879	-0.999349	0.446922	0.117287	0.765655	0
472	-0.984772	0.996657	0	0.971879	-0.999349	1.34077	0.117287	0.765655	0
473	-1.17385	1.27479	0.561586	0.971879	-0.999349	-1.34077	0.117287	0.765655	0
474	-1.17385	1.27479	0.561586	0.971879	-0.999349	-0.446922	0.117287	0.765655	0
475	-1.17385	1.27479	0.561586	0.971879	-0.999349	0.446922	0.117287	0.765655	0
476	-1.17385	1.27479	0.561586	0.971879	-0.999349	1.34077	0.117287	0.765655	0
477	-1.36292	1.55293	1.12317	0.971879	-0.999349	-1.34077	0.117287	0.765655	0
478	-1.36292	1.55293	1.12317	0.971879	-0.999349	-0.446922	0.117287	0.765655	0
479	-1.36292	1.55293	1.12317	0.971879	-0.999349	0.446922	0.117287	0.765655	0
480	-1.36292	1.55293	1.12317	0.971879	-0.999349	1.34077	0.117287	0.765655	0
481	2.04045	-1.78471	-0.561586	-1.46912	0.999349	-1.34077	0.117287	1.41042	2
482	2.04045	-1.78471	-0.561586	-1.46912	0.999349	-0.446922	0.117287	1.41042	2
483	2.04045	-1.78471	-0.561586	-1.46912	0.999349	0.446922	0.117287	1.41042	1
484	2.04045	-1.78471	-0.561586	-1.46912	0.999349	1.34077	0.117287	1.41042	2
485	1.28414	-1.22844	0	-1.1979	0.999349	-1.34077	0.117287	1.41042	2
486	1.28414	-1.22844	0	-1.1979	0.999349	-0.446922	0.117287	1.41042	2
487	1.28414	-1.22844	0	-1.1979	0.999349	0.446922	0.117287	1.41042	2
488	1.28414	-1.22844	0	-1.1979	0.999349	1.34077	0.117287	1.41042	2
489	0.90599	-0.950301	-0.561586	-0.655453	0.999349	-1.34077	0.117287	1.41042	2
490	0.90599	-0.950301	-0.561586	-0.655453	0.999349	-0.446922	0.117287	1.41042	2
491	0.90599	-0.950301	-0.561586	-0.655453	0.999349	0.446922	0.117287	1.41042	2
492	0.90599	-0.950301	-0.561586	-0.655453	0.999349	1.34077	0.117287	1.41042	2
493	0.527838	-0.672164	0	-0.655453	0.999349	-1.34077	0.117287	1.41042	1
494	0.527838	-0.672164	0	-0.655453	0.999349	-0.446922	0.117287	1.41042	1
495	0.527838	-0.672164	0	-0.655453	0.999349	0.446922	0.117287	1.41042	1
496	0.527838	-0.672164	0	-0.655453	0.999349	1.34077	0.117287	1.41042	1
497	0.244223	-0.394027	0.561586	-0.655453	0.999349	-1.34077	0.117287	1.41042	2
498	0.244223	-0.394027	0.561586	-0.655453	0.999349	-0.446922	0.117287	1.41042	2
499	0.244223	-0.394027	0.561586	-0.655453	0.999349	0.446922	0.117287	1.41042	2
500	0.244223	-0.394027	0.561586	-0.655453	0.999349	1.34077	0.117287	1.41042	2
501	-0.0393909	-0.11589	2.24634	-1.1979	0.999349	-1.34077	0.117287	1.41042	2
502	-0.0393909	-0.11589	2.24634	-1.1979	0.999349	-0.446922	0.117287	1.41042	2
503	-0.0393909	-0.11589	2.24634	-1.1979	0.999349	0.446922	0.117287	1.41042	2
504	-0.0393909	-0.11589	2.24634	-1.1979	0.999349	1.34077	0.117287	1.41042	2
505	-0.228467	0.162247	-1.68476	0.971879	-0.999349	-1.34077	0.117287	1.41042	0
506	-0.228467	0.162247	-1.68476	0.971879	-0.999349	-0.446922	0.117287	1.41042	0
507	-0.228467	0.162247	-1.68476	0.971879	-0.999349	0.446922	0.117287	1.41042	0
508	-0.228467	0.162247	-1.68476	0.971879	-0.999349	1.34077	0.117287	1.41042	0
509	-0.512081	0.440383	-1.12317	0.971879	-0.999349	-1.34077	0.117287	1.41042	0
510	-0.512081	0.440383	-1.12317	0.971879	-0.999349	-0.446922	0.117287	1.41042	0
511	-0.512081	0.440383	-1.12317	0.971879	-0.999349	0.446922	0.117287	1.41042	0
512	-0.512081	0.440383	-1.12317	0.971879	-0.999349	1.34077	0.117287	1.41042	0
513	-0.701157	0.71852	-0.561586	0.971879	-0.999349	-1.34077	0.117287	1.41042	0
514	-0.701157	0.71852	-0.561586	0.971879	-0.999349	-0.446922	0.117287	1.41042	0
515	-0.701157	0.71852	-0.561586	0.971879	-0.999349	0.446922	0.117287	1.41042	0
516	-0.701157	0.71852	-0.561586	0.971879	-0.999349	1.34077	0.117287	1.41042	0
517	-0.984772	0.996657	0	0.971879	-0.999349	-1.34077	0.117287	1.41042	0
518	-0.984772	0.996657	0	0.971879	-0.999349	-0.446922	0.117287	1.41042	0
519	-0.984772	0.996657	0	0.971879	-0.999349	0.446922	0.117287	1.41042	0
520	-0.984772	0.996657	0	0.971879	-0.999349	1.34077	0.117287	1.41042	0
521	-1.17385	1.27479	0.561586	0.971879	-0.999349	-1.34077	0.117287	1.41042	0
522	-1.17385	1.27479	0.561586	0.971879	-0.999349	-0.446922	0.117287	1.41042	0
523	-1.17385	1.27479	0.561586	0.971879	-0.999349	0.446922	0.117287	1.41042	0
524	-1.17385	1.27479	0.561586	0.971879	-0.999349	1.34077	0.117287	1.41042	0
525	-1.36292	1.55293	1.12317	0.971879	-0.999349	-1.34077	0.117287	1.41042	0
526	-1.36292	1.55293	1.12317	0.971879	-0.999349	-0.446922	0.117287	1.41042	0
527	-1.36292	1.55293	1.12317	0.971879	-0.999349	0.446922	0.117287	1.41042	0
528	-1.36292	1.55293	1.12317	0.971879	-0.999349	1.34077	0.117287	1.41042	0
529	2.04045	-1.78471	-0.561586	-1.46912	0.999349	-1.34077	1.24324	-1.16863	2
530	2.04045	-1.78471	-0.561586	-1.46912	0.999349	-0.446922	1.24324	-1.16863	2
531	2.04045	-1.78471	-0.561586	-1.46912	0.999349	0.446922	1.24324	-1.16863	2
532	2.04045	-1.78471	-0.561586	-1.46912	0.999349	1.34077	1.24324	-1.16863	2
533	1.28414	-1.22844	0	-1.1979	0.999349	-1.34077	1.24324	-1.16863	2
534	1.28414	-1.22844	0	-1.1979	0.999349	-0.446922	1.24324	-1.16863	2
535	1.28414	-1.22844	0	-1.1979	0.999349	0.446922	1.24324	-1.16863	2
536	1.28414	-1.22844	0	-1.1979	0.999349	1.34077	1.24324	-1.16863	2
537	0.90599	-0.950301	-0.561586	-0.655453	0.999349	-1.34077	1.24324	-1.16863	2
538	0.90599	-0.950301	-0.561586	-0.655453	0.999349	-0.446922	1.24324	-1.16863	2
539	0.90599	-0.950301	-0.561586	-0.655453	0.999349	0.446922	1.24324	-1.16863	2
540	0.90599	-0.950301	-0.561586	-0.655453	0.999349	1.34077	1.24324	-1.16863	2
541	0.527838	-0.672164	0	-0.655453	0.999349	-1.34077	1.24324	-1.16863	2
542	0.527838	-0.672164	0	-0.655453	0.999349	-0.446922	1.24324	-1.16863	2
543	0.527838	-0.672164	0	-0.655453	0.999349	0.446922	1.24324	-1.16863	2
544	0.527838	-0.672164	0	-0.655453	0.999349	1.34077	1.24324	-1.16863	2
545	0.244223	-0.394027	0.561586	-0.655453	0.999349	-1.34077	1.24324	-1.16863	2
546	0.244223	-0.394027	0.561586	-0.655453	0.999349	-0.446922	1.24324	-1.16863	2
547	0.244223	-0.394027	0.561586	-0.655453	0.999349	0.446922	1.24324	-1.16863	2
548	0.244223	-0.394027	0.561586	-0.655453	0.999349	1.34077	1.24324	-1.16863	2
549	-0.0393909	-0.11589	2.24634	-1.1979	0.999349	-1.34077	1.24324	-1.16863	2
550	-0.0393909	-0.11589	2.24634	-1.1979	0.999349	-0.446922	1.24324	-1.16863	2
551	-0.0393909	-0.11589	2.24634	-1.1979	0.999349	0.446922	1.24324	-1.16863	2
552	-0.0393909	-0.11589	2.24634	-1.1979	0.999349	1.34077	1.24324	-1.16863	2
553	-0.228467	0.162247	-1.68476	0.971879	-0.999349	-1.34077	1.24324	-1.16863	0
554	-0.228467	0.162247	-1.68476	0.971879	-0.999349	-0.446922	1.24324	-1.16863	0
555	-0.228467	0.162247	-1.68476	0.971879	-0.999349	0.446922	1.24324	-1.16863	0
556	-0.228467	0.162247	-1.68476	0.971879	-0.999349	1.34077	1.24324	-1.16863	0
557	-0.512081	0.440383	-1.12317	0.971879	-0.999349	-1.34077	1.24324	-1.16863	0
558	-0.512081	0.440383	-1.12317	0.971879	-0.999349	-0.446922	1.24324	-1.16863	0
559	-0.512081	0.440383	-1.12317	0.971879	-0.999349	0.446922	1.24324	-1.16863	0
560	-0.512081	0.440383	-1.12317	0.971879	-0.999349	1.34077	1.24324	-1.16863	0
561	-0.701157	0.71852	-0.561586	0.971879	-0.999349	-1.34077	1.24324	-1.16863	0
562	-0.701157	0.71852	-0.561586	0.971879	-0.999349	-0.446922	1.24324	-1.16863	0
563	-0.701157	0.71852	-0.561586	0.971879	-0.999349	0.446922	1.24324	-1.16863	0
564	-0.701157	0.71852	-0.561586	0.971879	-0.999349	1.34077	1.24324	-1.16863	0
565	-0.984772	0.996657	0	0.971879	-0.999349	-1.34077	1.24324	-1.16863	0
566	-0.984772	0.996657	0	0.971879	-0.999349	-0.446922	1.24324	-1.16863	0
567	-0.984772	0.996657	0	0.971879	-0.999349	0.446922	1.24324	-1.16863	0
568	-0.984772	0.996657	0	0.971879	-0.999349	1.34077	1.24324	-1.16863	0
569	-1.17385	1.27479	0.561586	0.971879	-0.999349	-1.34077	1.24324	-1.16863	1
570	-1.17385	1.27479	0.561586	0.971879	-0.999349	-0.446922	1.24324	-1.16863	1
571	-1.17385	1.27479	0.561586	0.971879	-0.999349	0.446922	1.24324	-1.16863	1
572	-1.17385	1.27479	0.561586	0.971879	-0.999349	1.34077	1.24324	-1.16863	1
573	-1.36292	1.55293	1.12317	0.971879	-0.999349	-1.34077	1.24324	-1.16863	0
574	-1.36292	1.55293	1.12317	0.971879	-0.999349	-0.446922	1.24324	-1.16863	1
575	-1.36292	1.55293	1.12317	0.971879	-0.999349	0.446922	1.24324	-1.16863	1
576	-1.36292	1.55293	1.12317	0.971879	-0.999349	1.34077	1.24324	-1.16863	1
577	2.04045	-1.78471	-0.561586	-1.46912	0.999349	-1.34077	1.24324	-0.523869	2
578	2.04045	-1.78471	-0.561586	-1.46912	0.999349	-0.446922	1.24324	-0.523869	2
579	2.04045	-1.78471	-0.561586	-1.46912	0.999349	0.446922	1.24324	-0.523869	2
580	2.04045	-1.78471	-0.561586	-1.46912	0.999349	1.34077	1.24324	-0.523869	2
581	1.28414	-1.22844	0	-1.1979	0.999349	-1.34077	1.24324	-0.523869	2
582	1.28414	-1.22844	0	-1.1979	0.999349	-0.446922	1.24324	-0.523869	2
583	1.28414	-1.22844	0	-1.1979	0.999349	0.446922	1.24324	-0.523869	2
584	1.28414	-1.22844	0	-1.1979	0.999349	1.34077	1.24324	-0.523869	2
585	0.90599	-0.950301	-0.561586	-0.655453	0.999349	-1.34077	1.24324	-0.523869	2
586	0.90599	-0.950301	-0.561586	-0.655453	0.999349	-0.446922	1.24324	-0.523869	2
587	0.90599	-0.950301	-0.561586	-0.655453	0.999349	0.446922	1.24324	-0.523869	2
588	0.90599	-0.950301	-0.561586	-0.655453	0.999349	1.34077	1.24324	-0.523869	2
589	0.527838	-0.672164	0	-0.655453	0.999349	-1.34077	1.24324	-0.523869	2
590	0.527838	-0.672164	0	-0.655453	0.999349	-0.446922	1.24324	-0.523869	2
591	0.527838	-0.672164	0	-0.655453	0.999349	0.446922	1.24324	-0.523869	2
592	0.527838	-0.672164	0	-0.655453	0.999349	1.34077	1.24324	-0.523869	1
593	0.244223	-0.394027	0.561586	-0.655453	0.999349	-1.34077	1.24324	-0.523869	2
594	0.244223	-0.394027	0.561586	-0.655453	0.999349	-0.446922	1.24324	-0.523869	2
595	0.244223	-0.394027	0.561586	-0.655453	0.999349	0.446922	1.24324	-0.523869	2
596	0.244223	-0.394027	0.561586	-0.655453	0.999349	1.34077	1.24324	-0.523869	2
597	-0.0393909	-0.11589	2.24634	-1.1979	0.999349	-1.34077	1.24324	-0.523869	2
598	-0.0393909	-0.11589	2.24634	-1.1979	0.999349	-0.446922	1.24324	-0.523869	2
599	-0.0393909	-0.11589	2.24634	-1.1979	0.999349	0.446922	1.24324	-0.523869	2
600	-0.0393909	-0.11589	2.24634	-1.1979	0.999349	1.34077	1.24324	-0.523869	2
601	-0.228467	0.162247	-1.68476	0.971879	-0.999349	-1.34077	1.24324	-0.523869	0
602	-0.228467	0.162247	-1.68476	0.971879	-0.999349	-0.446922	1.24324	-0.523869	0
603	-0.228467	0.162247	-1.68476	0.971879	-0.999349	0.446922	1.24324	-0.523869	0
604	-0.228467	0.162247	-1.68476	0.971879	-0.999349	1.34077	1.24324	-0.523869	0
605	-0.512081	0.440383	-1.12317	0.971879	-0.999349	-1.34077	1.24324	-0.523869	0
606	-0.512081	0.440383	-1.12317	0.971879	-0.999349	-0.446922	1.24324	-0.523869	0
607	-0.512081	0.440383	-1.12317	0.971879	-0.999349	0.446922	1.24324	-0.523869	0
608	-0.512081	0.440383	-1.12317	0.971879	-0.999349	1.34077	1.24324	-0.523869	0
609	-0.701157	0.71852	-0.561586	0.971879	-0.999349	-1.34077	1.24324	-0.523869	0
610	-0.701157	0.71852	-0.561586	0.971879	-0.999349	-0.446922	1.24324	-0.523869	0
611	-0.701157	0.71852	-0.561586	0.971879	-0.999349	0.446922	1.24324	-0.523869	0
612	-0.701157	0.71852	-0.561586	0.971879	-0.999349	1.34077	1.24324	-0.523869	0
613	-0.984772	0.996657	0	0.971879	-0.999349	-1.34077	1.24324	-0.523869	0
614	-0.984772	0.996657	0	0.971879	-0.999349	-0.446922	1.24324	-0.523869	0
615	-0.984772	0.996657	0	0.971879	-0.999349	0.446922	1.24324	-0.523869	0
616	-0.984772	0.996657	0	0.971879	-0.999349	1.34077	1.24324	-0.523869	0
617	-1.17385	1.27479	0.561586	0.971879	-0.999349	-1.34077	1.24324	-0.523869	1
618	-1.17385	1.27479	0.561586	0.971879	-0.999349	-0.446922	1.24324	-0.523869	1
619	-1.17385	1.27479	0.561586	0.971879	-0.999349	0.446922	1.24324	-0.523869	1
620	-1.17385	1.27479	0.561586	0.971879	-0.999349	1.34077	1.24324	-0.523869	1
621	-1.36292	1.55293	1.12317	0.971879	-0.999349	-1.34077	1.24324	-0.523869	0
622	-1.36292	1.55293	1.12317	0.971879	-0.999349	-0.446922	1.24324	-0.523869	1
623	-1.36292	1.55293	1.12317	0.971879	-0.999349	0.446922	1.24324	-0.523869	1
624	-1.36292	1.55293	1.12317	0.971879	-0.999349	1.34077	1.24324	-0.523869	1
625	2.04045	-1.78471	-0.561586	-1.46912	0.999349	-1.34077	1.24324	0.120893	2
626	2.04045	-1.78471	-0.561586	-1.46912	0.999349	-0.446922	1.24324	0.120893	2
627	2.04045	-1.78471	-0.561586	-1.46912	0.999349	0.446922	1.24324	0.120893	2
628	2.04045	-1.78471	-0.561586	-1.46912	0.999349	1.34077	1.24324	0.120893	2
629	1.28414	-1.22844	0	-1.1979	0.999349	-1.34077	1.24324	0.120893	2
630	1.28414	-1.22844	0	-1.1979	0.999349	-0.446922	1.24324	0.120893	2
631	1.28414	-1.22844	0	-1.1979	0.999349	0.446922	1.24324	0.120893	2
632	1.28414	-1.22844	0	-1.1979	0.999349	1.34077	1.24324	0.120893	2
633	0.90599	-0.950301	-0.561586	-0.655453	0.999349	-1.34077	1.24324	0.120893	2
634	0.90599	-0.950301	-0.561586	-0.655453	0.999349	-0.446922	1.24324	0.120893	2
635	0.90599	-0.950301	-0.561586	-0.655453	0.999349	0.446922	1.24324	0.120893	2
636	0.90599	-0.950301	-0.561586	-0.655453	0.999349	1.34077	1.24324	0.120893	2
637	0.527838	-0.672164	0	-0.655453	0.999349	-1.34077	1.24324	0.120893	2
638	0.527838	-0.672164	0	-0.655453	0.999349	-0.446922	1.24324	0.120893	2
639	0.527838	-0.672164	0	-0.655453	0.999349	0.446922	1.24324	0.120893	2
640	0.527838	-0.672164	0	-0.655453	0.999349	1.34077	1.24324	0.120893	2
641	0.244223	-0.394027	0.561586	-0.655453	0.999349	-1.34077	1.24324	0.120893	2
642	0.244223	-0.394027	0.561586	-0.655453	0.999349	-0.446922	1.24324	0.120893	2
643	0.244223	-0.394027	0.561586	-0.655453	0.999349	0.446922	1.24324	0.120893	2
644	0.244223	-0.394027	0.561586	-0.655453	0.999349	1.34077	1.24324	0.120893	2
645	-0.0393909	-0.11589	2.24634	-1.1979	0.999349	-1.34077	1.24324	0.120893	2
646	-0.0393909	-0.11589	2.24634	-1.1979	0.999349	-0.446922	1.24324	0.120893	2
647	-0.0393909	-0.11589	2.24634	-1.1979	0.999349	0.446922	1.24324	0.120893	2
648	-0.0393909	-0.11589	2.24634	-1.1979	0.999349	1.34077	1.24324	0.120893	2
649	-0.228467	0.162247	-1.68476	0.971879	-0.999349	-1.34077	1.24324	0.120893	0
650	-0.228467	0.162247	-1.68476	0.971879	-0.999349	-0.446922	1.24324	0.120893	0
651	-0.228467	0.162247	-1.68476	0.971879	-0.999349	0.446922	1.24324	0.120893	0
652	-0.228467	0.162247	-1.68476	0.971879	-0.999349	1.34077	1.24324	0.120893	0
653	-0.512081	0.440383	-1.12317	0.971879	-0.999349	-1.34077	1.24324	0.120893	0
654	-0.512081	0.440383	-1.12317	0.971879	-0.999349	-0.446922	1.24324	0.120893	0
655	-0.512081	0.440383	-1.12317	0.971879	-0.999349	0.446922	1.24324	0.120893	0
656	-0.512081	0.440383	-1.12317	0.971879	-0.999349	1.34077	1.24324	0.120893	0
657	-0.701157	0.71852	-0.561586	0.971879	-0.999349	-1.34077	1.24324	0.120893	0
658	-0.701157	0.71852	-0.561586	0.971879	-0.999349	-0.446922	1.24324	0.120893	0
659	-0.701157	0.71852	-0.561586	0.971879	-0.999349	0.446922	1.24324	0.120893	0
660	-0.701157	0.71852	-0.561586	0.971879	-0.999349	1.34077	1.24324	0.120893	0
661	-0.984772	0.996657	0	0.971879	-0.999349	-1.34077	1.24324	0.120893	0
662	-0.984772	0.996657	0	0.971879	-0.999349	-0.446922	1.24324	0.120893	0
663	-0.984772	0.996657	0	0.971879	-0.999349	0.446922	1.24324	0.120893	0
664	-0.984772	0.996657	0	0.971879	-0.999349	1.34077	1.24324	0.120893	0
665	-1.17385	1.27479	0.561586	0.971879	-0.999349	-1.34077	1.24324	0.120893	1
666	-1.17385	1.27479	0.561586	0.971879	-0.999349	-0.446922	1.24324	0.120893	1
667	-1.17385	1.27479	0.561586	0.971879	-0.999349	0.446922	1.24324	0.120893	1
668	-1.17385	1.27479	0.561586	0.971879	-0.999349	1.34077	1.24324	0.120893	1
669	-1.36292	1.55293	1.12317	0.971879	-0.999349	-1.34077	1.24324	0.120893	0
670	-1.36292	1.55293	1.12317	0.971879	-0.999349	-0.446922	1.24324	0.120893	0
671	-1.36292	1.55293	1.12317	0.971879	-0.999349	0.446922	1.24324	0.120893	0
672	-1.36292	1.55293	1.12317	0.971879	-0.999349	1.34077	1.24324	0.120893	0
673	2.04045	-1.78471	-0.561586	-1.46912	0.999349	-1.34077	1.24324	0.765655	2
674	2.04045	-1.78471	-0.561586	-1.46912	0.999349	-0.446922	1.24324	0.765655	2
675	2.04045	-1.78471	-0.561586	-1.46912	0.999349	0.446922	1.24324	0.765655	2
676	2.04045	-1.78471	-0.561586	-1.46912	0.999349	1.34077	1.24324	0.765655	2
677	1.28414	-1.22844	0	-1.1979	0.999349	-1.34077	1.24324	0.765655	2
678	1.28414	-1.22844	0	-1.1979	0.999349	-0.446922	1.24324	0.765655	2
679	1.28414	-1.22844	0	-1.1979	0.999349	0.446922	1.24324	0.765655	2
680	1.28414	-1.22844	0	-1.1979	0.999349	1.34077	1.24324	0.765655	2
681	0.90599	-0.950301	-0.561586	-0.655453	0.999349	-1.34077	1.24324	0.765655	2
682	0.90599	-0.950301	-0.561586	-0.655453	0.999349	-0.446922	1.24324	0.765655	2
683	0.90599	-0.950301	-0.561586	-0.655453	0.999349	0.446922	1.24324	0.765655	2
684	0.90599	-0.950301	-0.561586	-0.655453	0.999349	1.34077	1.24324	0.765655	2
685	0.527838	-0.672164	0	-0.655453	0.999349	-1.34077	1.24324	0.765655	2
686	0.527838	-0.672164	0	-0.655453	0.999349	-0.446922	1.24324	0.765655	1
687	0.527838	-0.672164	0	-0.655453	0.999349	0.446922	1.24324	0.765655	2
688	0.527838	-0.672164	0	-0.655453	0.999349	1.34077	1.24324	0.765655	2
689	0.244223	-0.394027	0.561586	-0.655453	0.999349	-1.34077	1.24324	0.765655	2
690	0.244223	-0.394027	0.561586	-0.655453	0.999349	-0.446922	1.24324	0.765655	2
691	0.244223	-0.394027	0.561586	-0.655453	0.999349	0.446922	1.24324	0.765655	2
692	0.244223	-0.394027	0.561586	-0.655453	0.999349	1.34077	1.24324	0.765655	2
693	-0.0393909	-0.11589	2.24634	-1.1979	0.999349	-1.34077	1.24324	0.765655	2
694	-0.0393909	-0.11589	2.24634	-1.1979	0.999349	-0.446922	1.24324	0.765655	2
695	-0.0393909	-0.11589	2.24634	-1.1979	0.999349	0.446922	1.24324	0.765655	2
696	-0.0393909	-0.11589	2.24634	-1.1979	0.999349	1.34077	1.24324	0.765655	2
697	-0.228467	0.162247	-1.68476	0.971879	-0.999349	-1.34077	1.24324	0.765655	0
698	-0.228467	0.162247	-1.68476	0.971879	-0.999349	-0.446922	1.24324	0.765655	0
699	-0.228467	0.162247	-1.68476	0.971879	-0.999349	0.446922	1.24324	0.765655	0
700	-0.228467	0.162247	-1.68476	0.971879	-0.999349	1.34077	1.24324	0.765655	0
701	-0.512081	0.440383	-1.12317	0.971879	-0.999349	-1.34077	1.24324	0.765655	0
702	-0.512081	0.440383	-1.12317	0.971879	-0.999349	-0.446922	1.24324	0.765655	0
703	-0.512081	0.440383	-1.12317	0.971879	-0.999349	0.446922	1.24324	0.765655	0
704	-0.512081	0.440383	-1.12317	0.971879	-0.999349	1.34077	1.24324	0.765655	0
705	-0.701157	0.71852	-0.561586	0.971879	-0.999349	-1.34077	1.24324	0.765655	0
706	-0.701157	0.71852	-0.561586	0.971879	-0.999349	-0.446922	1.24324	0.765655	0
707	-0.701157	0.71852	-0.561586	0.971879	-0.999349	0.446922	1.24324	0.765655	0
708	-0.701157	0.71852	-0.561586	0.971879	-0.999349	1.34077	1.24324	0.765655	0
709	-0.984772	0.996657	0	0.971879	-0.999349	-1.34077	1.24324	0.765655	0
710	-0.984772	0.996657	0	0.971879	-0.999349	-0.446922	1.24324	0.765655	0
711	-0.984772	0.996657	0	0.971879	-0.999349	0.446922	1.24324	0.765655	0
712	-0.984772	0.996657	0	0.971879	-0.999349	1.34077	1.24324	0.765655	0
713	-1.17385	1.27479	0.561586	0.971879	-0.999349	-1.34077	1.24324	0.765655	1
714	-1.17385	1.27479	0.561586	0.971879	-0.999349	-0.446922	1.24324	0.765655	1
715	-1.17385	1.27479	0.561586	0.971879	-0.999349	0.446922	1.24324	0.765655	1
716	-1.17385	1.27479	0.561586	0.971879	-0.999349	1.34077	1.24324	0.765655	1
717	-1.36292	1.55293	1.12317	0.971879	-0.999349	-1.34077	1.24324	0.765655	0
718	-1.36292	1.55293	1.12317	0.971879	-0.999349	-0.446922	1.24324	0.765655	0
719	-1.36292	1.55293	1.12317	0.971879	-0.999349	0.446922	1.24324	0.765655	0
720	-1.36292	1.55293	1.12317	0.971879	-0.999349	1.34077	1.24324	0.765655	0
721	2.04045	-1.78471	-0.561586	-1.46912	0.999349	-1.34077	1.24324	1.41042	2
722	2.04045	-1.78471	-0.561586	-1.46912	0.999349	-0.446922	1.24324	1.41042	2
723	2.04045	-1.78471	-0.561586	-1.46912	0.999349	0.446922	1.24324	1.41042	2
724	2.04045	-1.78471	-0.561586	-1.46912	0.999349	1.34077	1.24324	1.41042	2
725	1.28414	-1.22844	0	-1.1979	0.999349	-1.34077	1.24324	1.41042	2
726	1.28414	-1.22844	0	-1.1979	0.999349	-0.446922	1.24324	1.41042	2
727	1.28414	-1.22844	0	-1.1979	0.999349	0.446922	1.24324	1.41042	2
728	1.28414	-1.22844	0	-1.1979	0.999349	1.34077	1.24324	1.41042	2
729	0.90599	-0.950301	-0.561586	-0.655453	0.999349	-1.34077	1.24324	1.41042	2
730	0.90599	-0.950301	-0.561586	-0.655453	0.999349	-0.446922	1.24324	1.41042	2
731	0.90599	-0.950301	-0.561586	-0.655453	0.999349	0.446922	1.24324	1.41042	2
732	0.90599	-0.950301	-0.561586	-0.655453	0.999349	1.34077	1.24324	1.41042	2
733	0.527838	-0.672164	0	-0.655453	0.999349	-1.34077	1.24324	1.41042	2
734	0.527838	-0.672164	0	-0.655453	0.999349	-0.446922	1.24324	1.41042	2
735	0.527838	-0.672164	0	-0.655453	0.999349	0.446922	1.24324	1.41042	2
736	0.527838	-0.672164	0	-0.655453	0.999349	1.34077	1.24324	1.41042	2
737	0.244223	-0.394027	0.561586	-0.655453	0.999349	-1.34077	1.24324	1.41042	2
738	0.244223	-0.394027	0.561586	-0.655453	0.999349	-0.446922	1.24324	1.41042	2
739	0.244223	-0.394027	0.561586	-0.655453	0.999349	0.446922	1.24324	1.41042	2
740	0.244223	-0.394027	0.561586	-0.655453	0.999349	1.34077	1.24324	1.41042	2
741	-0.0393909	-0.11589	2.24634	-1.1979	0.999349	-1.34077	1.24324	1.41042	2
742	-0.0393909	-0.11589	2.24634	-1.1979	0.999349	-0.446922	1.24324	1.41042	2
743	-0.0393909	-0.11589	2.24634	-1.1979	0.999349	0.446922	1.24324	1.41042	2
744	-0.0393909	-0.11589	2.24634	-1.1979	0.999349	1.34077	1.24324	1.41042	2
745	-0.228467	0.162247	-1.68476	0.971879	-0.999349	-1.34077	1.24324	1.41042	0
746	-0.228467	0.162247	-1.68476	0.971879	-0.999349	-0.446922	1.24324	1.41042	0
747	-0.228467	0.162247	-1.68476	0.971879	-0.999349	0.446922	1.24324	1.41042	0
748	-0.228467	0.162247	-1.68476	0.971879	-0.999349	1.34077	1.24324	1.41042	0
749	-0.512081	0.440383	-1.12317	0.971879	-0.999349	-1.34077	1.24324	1.41042	0
750	-0.512081	0.440383	-1.12317	0.971879	-0.999349	-0.446922	1.24324	1.41042	0
751	-0.512081	0.440383	-1.12317	0.971879	-0.999349	0.446922	1.24324	1.41042	0
752	-0.512081	0.440383	-1.12317	0.971879	-0.999349	1.34077	1.24324	1.41042	0
753	-0.701157	0.71852	-0.561586	0.971879	-0.999349	-1.34077	1.24324	1.41042	0
754	-0.701157	0.71852	-0.561586	0.971879	-0.999349	-0.446922	1.24324	1.41042	0
755	-0.701157	0.71852	-0.561586	0.971879	-0.999349	0.446922	1.24324	1.41042	0
756	-0.701157	0.71852	-0.561586	0.971879	-0.999349	1.34077	1.24324	1.41042	0
757	-0.984772	0.996657	0	0.971879	-0.999349	-1.34077	1.24324	1.41042	0
758	-0.984772	0.996657	0	0.971879	-0.999349	-0.446922	1.24324	1.41042	0
759	-0.984772	0.996657	0	0.971879	-0.999349	0.446922	1.24324	1.41042	0
760	-0.984772	0.996657	0	0.971879	-0.999349	1.34077	1.24324	1.41042	0
761	-1.17385	1.27479	0.561586	0.971879	-0.999349	-1.34077	1.24324	1.41042	1
762	-1.17385	1.27479	0.561586	0.971879	-0.999349	-0.446922	1.24324	1.41042	1
763	-1.17385	1.27479	0.561586	0.971879	-0.999349	0.446922	1.24324	1.41042	1
764	-1.17385	1.27479	0.561586	0.971879	-0.999349	1.34077	1.24324	1.41042	1
765	-1.36292	1.55293	1.12317	0.971879	-0.999349	-1.34077	1.24324	1.41042	0
766	-1.36292	1.55293	1.12317	0.971879	-0.999349	-0.446922	1.24324	1.41042	0
767	-1.36292	1.55293	1.12317	0.971879	-0.999349	0.446922	1.24324	1.41042	0
768	-1.36292	1.55293	1.12317	0.971879	-0.999349	1.34077	1.24324	1.41042	0
