	f1	f2	f3	f4	f5	f6	f7	clase
1	0.55397	-1.20646	0.586295	-1.38024	-0.836648	0.452343	0.717382	7
2	0.55397	-1.20646	0.586295	-1.38024	-0.836648	-2.2085	-1.39256	7
3	0.55397	-1.20646	0.586295	0.723786	1.19405	-2.2085	-1.39256	2
4	0.55397	0.828042	-1.70392	0.723786	-0.836648	0.452343	0.717382	5
5	0.55397	0.828042	0.586295	-1.38024	1.19405	0.452343	0.717382	0
6	-1.80335	0.828042	0.586295	-1.38024	-0.836648	0.452343	-1.39256	4
7	0.55397	0.828042	0.586295	0.723786	-0.836648	0.452343	0.717382	9
8	0.55397	-1.20646	0.586295	0.723786	1.19405	0.452343	0.717382	8
9	0.55397	-1.20646	0.586295	0.723786	1.19405	0.452343	0.717382	5
10	0.55397	0.828042	0.586295	0.723786	1.19405	0.452343	0.717382	6
11	0.55397	-1.20646	0.586295	0.723786	-0.836648	0.452343	0.717382	3
12	0.55397	-1.20646	0.586295	-1.38024	-0.836648	0.452343	0.717382	7
13	0.55397	-1.20646	0.586295	-1.38024	1.19405	0.452343	0.717382	0
14	0.55397	0.828042	0.586295	0.723786	-0.836648	0.452343	-1.39256	5
15	-1.80335	0.828042	0.586295	0.723786	1.19405	0.452343	0.717382	6
16	0.55397	0.828042	0.586295	0.723786	-0.836648	-2.2085	0.717382	5
17	0.55397	0.828042	-1.70392	-1.38024	1.19405	0.452343	0.717382	6
18	0.55397	-1.20646	0.586295	0.723786	-0.836648	0.452343	0.717382	3
19	0.55397	-1.20646	-1.70392	0.723786	1.19405	-2.2085	0.717382	2
20	-1.80335	0.828042	0.586295	0.723786	-0.836648	-2.2085	-1.39256	4
21	0.55397	0.828042	-1.70392	0.723786	1.19405	0.452343	-1.39256	6
22	0.55397	0.828042	-1.70392	-1.38024	1.19405	0.452343	0.717382	0
23	0.55397	-1.20646	0.586295	0.723786	-0.836648	0.452343	0.717382	3
24	0.55397	0.828042	-1.70392	0.723786	1.19405	0.452343	0.717382	6
25	0.55397	0.828042	-1.70392	0.723786	-0.836648	0.452343	0.717382	5
26	-1.80335	0.828042	-1.70392	-1.38024	-0.836648	0.452343	-1.39256	4
27	0.55397	0.828042	0.586295	0.723786	-0.836648	0.452343	0.717382	9
28	-1.80335	0.828042	0.586295	0.723786	-0.836648	0.452343	-1.39256	4
29	0.55397	-1.20646	0.586295	0.723786	1.19405	-2.2085	0.717382	2
30	0.55397	-1.20646	0.586295	0.723786	-0.836648	0.452343	0.717382	3
31	0.55397	0.828042	-1.70392	-1.38024	1.19405	0.452343	0.717382	8
32	0.55397	-1.20646	0.586295	0.723786	-0.836648	0.452343	0.717382	3
33	0.55397	0.828042	-1.70392	-1.38024	1.19405	0.452343	0.717382	6
34	-1.80335	-1.20646	0.586295	-1.38024	-0.836648	0.452343	0.717382	1
35	-1.80335	-1.20646	0.586295	-1.38024	-0.836648	0.452343	-1.39256	1
36	0.55397	-1.20646	0.586295	-1.38024	-0.836648	0.452343	-1.39256	7
37	0.55397	0.828042	0.586295	-1.38024	1.19405	0.452343	0.717382	0
38	0.55397	-1.20646	0.586295	-1.38024	-0.836648	0.452343	-1.39256	7
39	0.55397	0.828042	0.586295	-1.38024	1.19405	-2.2085	0.717382	0
40	0.55397	-1.20646	0.586295	0.723786	1.19405	0.452343	0.717382	3
41	0.55397	-1.20646	0.586295	0.723786	1.19405	-2.2085	0.717382	2
42	0.55397	0.828042	0.586295	0.723786	1.19405	0.452343	0.717382	8
43	0.55397	0.828042	0.586295	0.723786	-0.836648	0.452343	0.717382	9
44	0.55397	0.828042	0.586295	0.723786	-0.836648	0.452343	0.717382	9
45	0.55397	0.828042	0.586295	0.723786	1.19405	0.452343	0.717382	8
46	0.55397	0.828042	0.586295	-1.38024	-0.836648	0.452343	-1.39256	0
47	0.55397	0.828042	0.586295	0.723786	1.19405	0.452343	0.717382	0
48	-1.80335	0.828042	-1.70392	-1.38024	-0.836648	0.452343	0.717382	1
49	0.55397	-1.20646	0.586295	0.723786	-0.836648	-2.2085	0.717382	2
50	-1.80335	0.828042	0.586295	0.723786	-0.836648	0.452343	-1.39256	4
51	0.55397	0.828042	-1.70392	-1.38024	1.19405	0.452343	0.717382	6
52	0.55397	-1.20646	-1.70392	-1.38024	-0.836648	0.452343	-1.39256	7
53	-1.80335	-1.20646	0.586295	-1.38024	-0.836648	0.452343	-1.39256	1
54	0.55397	0.828042	-1.70392	0.723786	1.19405	0.452343	0.717382	6
55	0.55397	0.828042	0.586295	0.723786	1.19405	0.452343	-1.39256	8
56	0.55397	0.828042	0.586295	0.723786	-0.836648	0.452343	0.717382	9
57	0.55397	-1.20646	0.586295	-1.38024	-0.836648	0.452343	-1.39256	7
58	0.55397	-1.20646	0.586295	0.723786	1.19405	-2.2085	0.717382	2
59	0.55397	0.828042	-1.70392	-1.38024	1.19405	0.452343	0.717382	8
60	0.55397	-1.20646	0.586295	0.723786	1.19405	0.452343	0.717382	3
61	0.55397	-1.20646	0.586295	0.723786	-0.836648	0.452343	-1.39256	7
62	0.55397	-1.20646	0.586295	0.723786	1.19405	0.452343	0.717382	0
63	0.55397	0.828042	0.586295	-1.38024	-0.836648	0.452343	0.717382	9
64	0.55397	-1.20646	-1.70392	0.723786	-0.836648	0.452343	0.717382	3
65	0.55397	0.828042	-1.70392	0.723786	1.19405	0.452343	0.717382	6
66	0.55397	-1.20646	0.586295	0.723786	-0.836648	0.452343	-1.39256	3
67	-1.80335	-1.20646	0.586295	-1.38024	-0.836648	0.452343	-1.39256	1
68	0.55397	0.828042	-1.70392	-1.38024	1.19405	0.452343	0.717382	6
69	0.55397	-1.20646	0.586295	-1.38024	-0.836648	0.452343	-1.39256	7
70	0.55397	0.828042	0.586295	-1.38024	1.19405	0.452343	0.717382	0
71	0.55397	0.828042	-1.70392	-1.38024	1.19405	0.452343	0.717382	8
72	0.55397	-1.20646	0.586295	0.723786	1.19405	-2.2085	0.717382	2
73	0.55397	-1.20646	0.586295	-1.38024	-0.836648	0.452343	-1.39256	7
74	0.55397	-1.20646	0.586295	-1.38024	-0.836648	0.452343	-1.39256	7
75	-1.80335	-1.20646	0.586295	-1.38024	-0.836648	-2.2085	-1.39256	1
76	0.55397	0.828042	0.586295	0.723786	1.19405	0.452343	0.717382	8
77	0.55397	0.828042	0.586295	-1.38024	1.19405	-2.2085	0.717382	0
78	-1.80335	-1.20646	0.586295	-1.38024	1.19405	0.452343	-1.39256	1
79	0.55397	0.828042	0.586295	0.723786	1.19405	0.452343	0.717382	2
80	0.55397	0.828042	0.586295	0.723786	-0.836648	0.452343	0.717382	9
81	0.55397	0.828042	-1.70392	0.723786	1.19405	0.452343	0.717382	6
82	-1.80335	0.828042	0.586295	-1.38024	-0.836648	0.452343	0.717382	4
83	-1.80335	-1.20646	0.586295	-1.38024	-0.836648	0.452343	-1.39256	1
84	0.55397	-1.20646	0.586295	0.723786	1.19405	-2.2085	0.717382	2
85	0.55397	0.828042	0.586295	0.723786	-0.836648	0.452343	-1.39256	5
86	0.55397	-1.20646	0.586295	-1.38024	1.19405	0.452343	0.717382	0
87	0.55397	0.828042	-1.70392	-1.38024	1.19405	0.452343	0.717382	0
88	0.55397	0.828042	0.586295	-1.38024	1.19405	0.452343	-1.39256	0
89	0.55397	0.828042	0.586295	0.723786	-0.836648	-2.2085	0.717382	3
90	-1.80335	-1.20646	0.586295	0.723786	-0.836648	0.452343	-1.39256	1
91	0.55397	0.828042	-1.70392	0.723786	-0.836648	0.452343	0.717382	5
92	0.55397	-1.20646	0.586295	-1.38024	1.19405	0.452343	-1.39256	7
93	0.55397	-1.20646	-1.70392	0.723786	1.19405	0.452343	0.717382	6
94	0.55397	0.828042	0.586295	-1.38024	1.19405	0.452343	0.717382	0
95	-1.80335	-1.20646	0.586295	0.723786	-0.836648	0.452343	-1.39256	1
96	0.55397	0.828042	0.586295	-1.38024	1.19405	0.452343	0.717382	0
97	-1.80335	0.828042	0.586295	0.723786	-0.836648	0.452343	-1.39256	4
98	0.55397	-1.20646	0.586295	0.723786	-0.836648	0.452343	0.717382	3
99	0.55397	-1.20646	0.586295	0.723786	1.19405	-2.2085	0.717382	2
100	0.55397	0.828042	0.586295	0.723786	1.19405	0.452343	0.717382	9
101	0.55397	0.828042	0.586295	-1.38024	1.19405	0.452343	0.717382	0
102	-1.80335	0.828042	0.586295	0.723786	-0.836648	0.452343	-1.39256	4
103	-1.80335	-1.20646	0.586295	0.723786	-0.836648	0.452343	0.717382	3
104	-1.80335	-1.20646	0.586295	0.723786	-0.836648	0.452343	-1.39256	4
105	0.55397	0.828042	0.586295	0.723786	1.19405	0.452343	0.717382	9
106	-1.80335	-1.20646	0.586295	-1.38024	1.19405	0.452343	-1.39256	1
107	0.55397	0.828042	-1.70392	0.723786	-0.836648	0.452343	0.717382	5
108	-1.80335	-1.20646	0.586295	-1.38024	-0.836648	0.452343	-1.39256	1
109	-1.80335	-1.20646	0.586295	0.723786	1.19405	-2.2085	0.717382	2
110	-1.80335	-1.20646	-1.70392	-1.38024	-0.836648	0.452343	-1.39256	1
111	0.55397	0.828042	0.586295	0.723786	1.19405	-2.2085	0.717382	8
112	0.55397	0.828042	-1.70392	0.723786	-0.836648	0.452343	0.717382	5
113	0.55397	0.828042	-1.70392	0.723786	-0.836648	0.452343	0.717382	9
114	-1.80335	-1.20646	0.586295	0.723786	-0.836648	0.452343	-1.39256	1
115	0.55397	0.828042	-1.70392	0.723786	1.19405	0.452343	0.717382	3
116	0.55397	0.828042	-1.70392	0.723786	-0.836648	0.452343	0.717382	9
117	0.55397	-1.20646	-1.70392	0.723786	-0.836648	0.452343	0.717382	5
118	0.55397	0.828042	-1.70392	0.723786	-0.836648	0.452343	0.717382	9
119	0.55397	0.828042	-1.70392	0.723786	1.19405	0.452343	0.717382	6
120	0.55397	0.828042	-1.70392	0.723786	-0.836648	0.452343	0.717382	6
121	0.55397	0.828042	-1.70392	0.723786	-0.836648	0.452343	0.717382	5
122	0.55397	-1.20646	0.586295	0.723786	1.19405	-2.2085	0.717382	2
123	0.55397	0.828042	-1.70392	0.723786	-0.836648	0.452343	0.717382	5
124	-1.80335	-1.20646	0.586295	-1.38024	-0.836648	0.452343	0.717382	1
125	0.55397	0.828042	0.586295	0.723786	-0.836648	0.452343	-1.39256	4
126	0.55397	0.828042	-1.70392	0.723786	1.19405	0.452343	0.717382	6
127	0.55397	-1.20646	0.586295	0.723786	-0.836648	0.452343	0.717382	3
128	0.55397	-1.20646	0.586295	-1.38024	-0.836648	-2.2085	-1.39256	7
129	-1.80335	0.828042	0.586295	-1.38024	-0.836648	0.452343	-1.39256	1
130	0.55397	0.828042	0.586295	0.723786	-0.836648	0.452343	0.717382	3
131	0.55397	-1.20646	0.586295	0.723786	1.19405	-2.2085	0.717382	2
132	0.55397	-1.20646	0.586295	0.723786	-0.836648	-2.2085	0.717382	3
133	0.55397	0.828042	0.586295	0.723786	1.19405	0.452343	0.717382	8
134	0.55397	0.828042	-1.70392	0.723786	-0.836648	0.452343	0.717382	5
135	-1.80335	0.828042	0.586295	-1.38024	1.19405	0.452343	-1.39256	1
136	-1.80335	-1.20646	0.586295	-1.38024	-0.836648	0.452343	-1.39256	1
137	0.55397	0.828042	0.586295	0.723786	-0.836648	0.452343	0.717382	9
138	0.55397	0.828042	-1.70392	0.723786	-0.836648	0.452343	0.717382	6
139	-1.80335	0.828042	-1.70392	0.723786	-0.836648	0.452343	0.717382	5
140	-1.80335	-1.20646	0.586295	0.723786	-0.836648	0.452343	-1.39256	7
141	-1.80335	-1.20646	0.586295	-1.38024	-0.836648	0.452343	-1.39256	1
142	0.55397	-1.20646	0.586295	0.723786	-0.836648	0.452343	-1.39256	7
143	0.55397	-1.20646	-1.70392	-1.38024	-0.836648	0.452343	-1.39256	7
144	0.55397	-1.20646	0.586295	0.723786	1.19405	-2.2085	0.717382	2
145	0.55397	0.828042	0.586295	0.723786	-0.836648	0.452343	-1.39256	5
146	0.55397	0.828042	0.586295	0.723786	1.19405	0.452343	0.717382	8
147	0.55397	-1.20646	0.586295	0.723786	1.19405	-2.2085	-1.39256	2
148	0.55397	-1.20646	0.586295	0.723786	-0.836648	-2.2085	0.717382	2
149	0.55397	-1.20646	0.586295	0.723786	1.19405	0.452343	0.717382	3
150	0.55397	0.828042	0.586295	-1.38024	-0.836648	0.452343	0.717382	6
151	0.55397	0.828042	0.586295	-1.38024	-0.836648	0.452343	0.717382	3
152	0.55397	0.828042	-1.70392	0.723786	-0.836648	0.452343	-1.39256	5
153	-1.80335	-1.20646	0.586295	0.723786	1.19405	-2.2085	0.717382	2
154	0.55397	-1.20646	0.586295	0.723786	1.19405	0.452343	0.717382	3
155	0.55397	0.828042	-1.70392	0.723786	-0.836648	0.452343	0.717382	5
156	0.55397	-1.20646	0.586295	0.723786	-0.836648	0.452343	-1.39256	7
157	0.55397	0.828042	0.586295	-1.38024	-0.836648	0.452343	0.717382	8
158	-1.80335	-1.20646	0.586295	0.723786	-0.836648	0.452343	0.717382	9
159	0.55397	0.828042	0.586295	0.723786	-0.836648	0.452343	0.717382	9
160	-1.80335	-1.20646	0.586295	-1.38024	-0.836648	0.452343	-1.39256	1
161	0.55397	-1.20646	0.586295	0.723786	-0.836648	0.452343	-1.39256	3
162	0.55397	0.828042	-1.70392	0.723786	1.19405	0.452343	0.717382	6
163	0.55397	0.828042	0.586295	-1.38024	1.19405	0.452343	0.717382	0
164	0.55397	0.828042	-1.70392	0.723786	1.19405	0.452343	0.717382	8
165	-1.80335	0.828042	0.586295	0.723786	-0.836648	-2.2085	-1.39256	4
166	-1.80335	-1.20646	0.586295	0.723786	-0.836648	0.452343	-1.39256	1
167	0.55397	-1.20646	0.586295	-1.38024	-0.836648	0.452343	-1.39256	7
168	0.55397	0.828042	0.586295	-1.38024	-0.836648	0.452343	0.717382	9
169	0.55397	-1.20646	0.586295	0.723786	1.19405	-2.2085	0.717382	2
170	-1.80335	0.828042	0.586295	0.723786	-0.836648	-2.2085	-1.39256	4
171	0.55397	-1.20646	0.586295	-1.38024	-0.836648	0.452343	-1.39256	7
172	0.55397	0.828042	-1.70392	0.723786	1.19405	0.452343	0.717382	5
173	0.55397	-1.20646	0.586295	0.723786	1.19405	-2.2085	0.717382	2
174	0.55397	-1.20646	0.586295	0.723786	-0.836648	0.452343	0.717382	3
175	-1.80335	0.828042	0.586295	0.723786	-0.836648	0.452343	-1.39256	4
176	0.55397	0.828042	0.586295	-1.38024	1.19405	0.452343	0.717382	0
177	-1.80335	-1.20646	0.586295	-1.38024	-0.836648	0.452343	-1.39256	1
178	0.55397	-1.20646	0.586295	-1.38024	1.19405	0.452343	0.717382	7
179	0.55397	0.828042	0.586295	0.723786	1.19405	0.452343	0.717382	6
180	0.55397	-1.20646	-1.70392	0.723786	1.19405	-2.2085	0.717382	2
181	-1.80335	-1.20646	-1.70392	-1.38024	-0.836648	-2.2085	-1.39256	7
182	0.55397	0.828042	0.586295	0.723786	-0.836648	-2.2085	0.717382	9
183	-1.80335	-1.20646	0.586295	0.723786	-0.836648	0.452343	0.717382	2
184	0.55397	0.828042	0.586295	0.723786	-0.836648	0.452343	0.717382	9
185	0.55397	-1.20646	0.586295	-1.38024	-0.836648	0.452343	-1.39256	7
186	0.55397	0.828042	-1.70392	0.723786	-0.836648	0.452343	0.717382	5
187	0.55397	-1.20646	0.586295	-1.38024	-0.836648	0.452343	-1.39256	7
188	-1.80335	0.828042	0.586295	0.723786	-0.836648	0.452343	-1.39256	4
189	-1.80335	-1.20646	-1.70392	0.723786	-0.836648	0.452343	-1.39256	7
190	0.55397	0.828042	-1.70392	0.723786	1.19405	0.452343	-1.39256	5
191	0.55397	0.828042	0.586295	-1.38024	1.19405	0.452343	-1.39256	0
192	0.55397	-1.20646	0.586295	-1.38024	-0.836648	0.452343	-1.39256	7
193	0.55397	-1.20646	0.586295	-1.38024	-0.836648	0.452343	-1.39256	7
194	0.55397	-1.20646	0.586295	-1.38024	-0.836648	0.452343	-1.39256	7
195	-1.80335	0.828042	0.586295	0.723786	-0.836648	0.452343	-1.39256	4
196	0.55397	-1.20646	0.586295	0.723786	1.19405	-2.2085	0.717382	2
197	0.55397	0.828042	0.586295	0.723786	-0.836648	0.452343	0.717382	9
198	0.55397	0.828042	-1.70392	0.723786	-0.836648	0.452343	0.717382	5
199	-1.80335	-1.20646	0.586295	-1.38024	-0.836648	0.452343	-1.39256	1
200	-1.80335	0.828042	0.586295	0.723786	-0.836648	0.452343	-1.39256	4
201	0.55397	-1.20646	0.586295	0.723786	1.19405	-2.2085	0.717382	2
202	0.55397	-1.20646	0.586295	0.723786	-0.836648	0.452343	0.717382	9
203	0.55397	0.828042	0.586295	0.723786	-0.836648	0.452343	0.717382	9
204	-1.80335	0.828042	0.586295	0.723786	-0.836648	0.452343	0.717382	9
205	-1.80335	0.828042	0.586295	0.723786	1.19405	0.452343	0.717382	8
206	-1.80335	-1.20646	0.586295	0.723786	1.19405	-2.2085	0.717382	2
207	0.55397	0.828042	-1.70392	0.723786	1.19405	0.452343	0.717382	6
208	-1.80335	0.828042	0.586295	0.723786	1.19405	0.452343	0.717382	8
209	0.55397	0.828042	0.586295	0.723786	-0.836648	0.452343	0.717382	9
210	-1.80335	0.828042	0.586295	0.723786	-0.836648	0.452343	-1.39256	4
211	0.55397	0.828042	0.586295	-1.38024	1.19405	0.452343	0.717382	0
212	-1.80335	0.828042	0.586295	0.723786	-0.836648	0.452343	0.717382	9
213	0.55397	0.828042	-1.70392	0.723786	1.19405	0.452343	0.717382	6
214	0.55397	0.828042	0.586295	-1.38024	1.19405	0.452343	0.717382	8
215	0.55397	-1.20646	0.586295	0.723786	-0.836648	0.452343	0.717382	3
216	0.55397	0.828042	0.586295	-1.38024	1.19405	0.452343	0.717382	0
217	0.55397	0.828042	0.586295	-1.38024	1.19405	0.452343	-1.39256	0
218	0.55397	-1.20646	0.586295	0.723786	1.19405	0.452343	0.717382	9
219	0.55397	-1.20646	-1.70392	0.723786	1.19405	0.452343	0.717382	6
220	0.55397	-1.20646	0.586295	0.723786	1.19405	0.452343	0.717382	2
221	0.55397	-1.20646	0.586295	-1.38024	-0.836648	0.452343	0.717382	3
222	-1.80335	0.828042	0.586295	0.723786	-0.836648	-2.2085	0.717382	5
223	-1.80335	-1.20646	0.586295	-1.38024	-0.836648	0.452343	-1.39256	1
224	0.55397	0.828042	-1.70392	0.723786	1.19405	0.452343	0.717382	6
225	0.55397	-1.20646	0.586295	0.723786	1.19405	-2.2085	0.717382	2
226	0.55397	0.828042	-1.70392	-1.38024	-0.836648	0.452343	0.717382	0
227	0.55397	0.828042	0.586295	0.723786	1.19405	-2.2085	0.717382	2
228	0.55397	0.828042	0.586295	0.723786	-0.836648	-2.2085	0.717382	2
229	-1.80335	-1.20646	0.586295	-1.38024	-0.836648	0.452343	-1.39256	7
230	0.55397	0.828042	0.586295	-1.38024	1.19405	0.452343	0.717382	0
231	0.55397	0.828042	0.586295	0.723786	-0.836648	0.452343	0.717382	9
232	0.55397	-1.20646	0.586295	0.723786	-0.836648	-2.2085	0.717382	2
233	0.55397	0.828042	-1.70392	0.723786	-0.836648	0.452343	0.717382	5
234	0.55397	0.828042	0.586295	0.723786	-0.836648	0.452343	-1.39256	9
235	0.55397	-1.20646	0.586295	-1.38024	-0.836648	0.452343	0.717382	7
236	0.55397	-1.20646	-1.70392	0.723786	1.19405	-2.2085	0.717382	6
237	-1.80335	0.828042	0.586295	-1.38024	-0.836648	0.452343	-1.39256	1
238	0.55397	-1.20646	-1.70392	0.723786	-0.836648	0.452343	0.717382	9
239	-1.80335	0.828042	0.586295	0.723786	-0.836648	0.452343	-1.39256	4
240	0.55397	0.828042	0.586295	0.723786	1.19405	0.452343	-1.39256	8
241	0.55397	-1.20646	0.586295	-1.38024	-0.836648	-2.2085	-1.39256	7
242	0.55397	0.828042	0.586295	0.723786	1.19405	0.452343	0.717382	0
243	-1.80335	0.828042	-1.70392	0.723786	1.19405	0.452343	0.717382	5
244	0.55397	0.828042	0.586295	0.723786	1.19405	0.452343	0.717382	8
245	0.55397	0.828042	0.586295	0.723786	-0.836648	0.452343	0.717382	9
246	0.55397	0.828042	0.586295	0.723786	1.19405	0.452343	0.717382	8
247	0.55397	0.828042	-1.70392	0.723786	-0.836648	0.452343	0.717382	5
248	0.55397	0.828042	0.586295	-1.38024	1.19405	0.452343	0.717382	0
249	0.55397	0.828042	0.586295	-1.38024	-0.836648	0.452343	0.717382	9
250	0.55397	0.828042	-1.70392	0.723786	1.19405	0.452343	0.717382	6
251	0.55397	-1.20646	0.586295	-1.38024	1.19405	-2.2085	0.717382	2
252	0.55397	0.828042	0.586295	0.723786	1.19405	0.452343	0.717382	8
253	0.55397	0.828042	0.586295	0.723786	-0.836648	0.452343	0.717382	9
254	0.55397	-1.20646	0.586295	0.723786	-0.836648	0.452343	-1.39256	7
255	0.55397	0.828042	-1.70392	-1.38024	1.19405	0.452343	0.717382	0
256	0.55397	0.828042	-1.70392	0.723786	1.19405	-2.2085	0.717382	5
257	0.55397	0.828042	0.586295	0.723786	1.19405	0.452343	0.717382	8
258	0.55397	0.828042	0.586295	0.723786	1.19405	0.452343	0.717382	0
259	0.55397	-1.20646	0.586295	-1.38024	-0.836648	0.452343	-1.39256	7
260	0.55397	0.828042	-1.70392	0.723786	-0.836648	0.452343	0.717382	5
261	0.55397	0.828042	0.586295	0.723786	1.19405	0.452343	-1.39256	8
262	0.55397	0.828042	0.586295	-1.38024	-0.836648	0.452343	0.717382	9
263	0.55397	0.828042	0.586295	0.723786	1.19405	0.452343	0.717382	8
264	-1.80335	0.828042	0.586295	0.723786	1.19405	0.452343	-1.39256	8
265	0.55397	0.828042	0.586295	0.723786	-0.836648	0.452343	0.717382	8
266	0.55397	0.828042	-1.70392	0.723786	-0.836648	0.452343	0.717382	5
267	0.55397	-1.20646	-1.70392	0.723786	-0.836648	0.452343	0.717382	5
268	0.55397	0.828042	0.586295	0.723786	-0.836648	0.452343	-1.39256	9
269	-1.80335	0.828042	0.586295	0.723786	-0.836648	0.452343	-1.39256	4
270	0.55397	0.828042	0.586295	0.723786	1.19405	0.452343	-1.39256	8
271	0.55397	-1.20646	0.586295	-1.38024	-0.836648	0.452343	0.717382	7
272	-1.80335	-1.20646	0.586295	-1.38024	-0.836648	0.452343	-1.39256	1
273	-1.80335	0.828042	0.586295	0.723786	1.19405	0.452343	0.717382	0
274	0.55397	-1.20646	0.586295	0.723786	-0.836648	0.452343	0.717382	3
275	0.55397	0.828042	0.586295	0.723786	1.19405	0.452343	0.717382	8
276	0.55397	-1.20646	0.586295	-1.38024	-0.836648	0.452343	-1.39256	7
277	0.55397	-1.20646	-1.70392	0.723786	-0.836648	0.452343	0.717382	5
278	-1.80335	-1.20646	0.586295	0.723786	-0.836648	0.452343	-1.39256	4
279	0.55397	-1.20646	0.586295	-1.38024	-0.836648	0.452343	0.717382	3
280	-1.80335	0.828042	0.586295	-1.38024	-0.836648	-2.2085	-1.39256	1
281	0.55397	0.828042	-1.70392	0.723786	-0.836648	0.452343	-1.39256	5
282	0.55397	0.828042	0.586295	0.723786	-0.836648	0.452343	0.717382	9
283	0.55397	0.828042	-1.70392	0.723786	-0.836648	0.452343	0.717382	5
284	-1.80335	-1.20646	0.586295	0.723786	-0.836648	0.452343	-1.39256	4
285	-1.80335	0.828042	0.586295	-1.38024	1.19405	0.452343	0.717382	0
286	0.55397	0.828042	0.586295	0.723786	-0.836648	0.452343	0.717382	9
287	0.55397	0.828042	0.586295	-1.38024	1.19405	-2.2085	-1.39256	0
288	0.55397	-1.20646	0.586295	0.723786	1.19405	-2.2085	0.717382	2
289	0.55397	0.828042	0.586295	0.723786	1.19405	0.452343	0.717382	0
290	0.55397	-1.20646	-1.70392	-1.38024	-0.836648	0.452343	0.717382	3
291	-1.80335	0.828042	-1.70392	0.723786	1.19405	0.452343	-1.39256	4
292	-1.80335	-1.20646	-1.70392	0.723786	-0.836648	0.452343	0.717382	5
293	-1.80335	-1.20646	0.586295	-1.38024	-0.836648	0.452343	-1.39256	1
294	0.55397	-1.20646	0.586295	-1.38024	-0.836648	0.452343	-1.39256	7
295	0.55397	0.828042	-1.70392	0.723786	-0.836648	0.452343	-1.39256	5
296	-1.80335	0.828042	-1.70392	0.723786	1.19405	0.452343	0.717382	6
297	-1.80335	0.828042	0.586295	0.723786	-0.836648	0.452343	0.717382	9
298	0.55397	0.828042	0.586295	0.723786	1.19405	0.452343	0.717382	8
299	0.55397	-1.20646	0.586295	0.723786	1.19405	-2.2085	0.717382	2
300	-1.80335	-1.20646	0.586295	0.723786	-0.836648	0.452343	-1.39256	4
301	0.55397	-1.20646	0.586295	0.723786	1.19405	-2.2085	0.717382	2
302	0.55397	0.828042	-1.70392	0.723786	-0.836648	0.452343	0.717382	5
303	0.55397	0.828042	0.586295	-1.38024	-0.836648	0.452343	0.717382	0
304	0.55397	-1.20646	0.586295	0.723786	-0.836648	0.452343	0.717382	3
305	0.55397	0.828042	-1.70392	-1.38024	1.19405	0.452343	-1.39256	6
306	0.55397	-1.20646	0.586295	0.723786	1.19405	-2.2085	0.717382	2
307	0.55397	0.828042	0.586295	0.723786	1.19405	0.452343	0.717382	8
308	0.55397	0.828042	0.586295	-1.38024	1.19405	0.452343	-1.39256	0
309	0.55397	0.828042	0.586295	-1.38024	1.19405	0.452343	0.717382	0
310	0.55397	0.828042	-1.70392	0.723786	1.19405	0.452343	0.717382	6
311	0.55397	0.828042	0.586295	0.723786	1.19405	0.452343	0.717382	8
312	0.55397	0.828042	0.586295	0.723786	-0.836648	0.452343	0.717382	9
313	0.55397	0.828042	0.586295	0.723786	-0.836648	0.452343	0.717382	9
314	0.55397	0.828042	0.586295	0.723786	-0.836648	0.452343	0.717382	9
315	0.55397	-1.20646	0.586295	0.723786	-0.836648	0.452343	0.717382	3
316	0.55397	0.828042	-1.70392	0.723786	1.19405	0.452343	0.717382	6
317	0.55397	0.828042	-1.70392	0.723786	-0.836648	0.452343	0.717382	5
318	0.55397	0.828042	-1.70392	0.723786	1.19405	0.452343	0.717382	6
319	0.55397	0.828042	0.586295	0.723786	1.19405	-2.2085	0.717382	2
320	-1.80335	-1.20646	-1.70392	-1.38024	-0.836648	0.452343	0.717382	1
321	-1.80335	-1.20646	0.586295	-1.38024	-0.836648	0.452343	-1.39256	1
322	0.55397	0.828042	0.586295	0.723786	1.19405	0.452343	0.717382	6
323	0.55397	-1.20646	0.586295	0.723786	-0.836648	0.452343	0.717382	3
324	0.55397	-1.20646	0.586295	0.723786	1.19405	-2.2085	0.717382	2
325	0.55397	0.828042	0.586295	-1.38024	1.19405	0.452343	0.717382	0
326	0.55397	0.828042	-1.70392	-1.38024	-0.836648	0.452343	0.717382	5
327	-1.80335	0.828042	0.586295	0.723786	-0.836648	0.452343	-1.39256	4
328	0.55397	0.828042	-1.70392	0.723786	-0.836648	0.452343	0.717382	5
329	0.55397	0.828042	-1.70392	0.723786	-0.836648	0.452343	0.717382	5
330	0.55397	0.828042	0.586295	-1.38024	1.19405	0.452343	0.717382	0
331	0.55397	0.828042	-1.70392	0.723786	1.19405	-2.2085	0.717382	6
332	0.55397	-1.20646	0.586295	0.723786	-0.836648	-2.2085	0.717382	2
333	0.55397	-1.20646	0.586295	0.723786	1.19405	-2.2085	0.717382	2
334	0.55397	-1.20646	0.586295	-1.38024	1.19405	-2.2085	0.717382	2
335	0.55397	-1.20646	0.586295	0.723786	1.19405	0.452343	0.717382	2
336	-1.80335	0.828042	0.586295	0.723786	-0.836648	0.452343	-1.39256	4
337	0.55397	-1.20646	0.586295	-1.38024	1.19405	-2.2085	-1.39256	2
338	0.55397	0.828042	0.586295	-1.38024	-0.836648	0.452343	-1.39256	4
339	0.55397	0.828042	0.586295	-1.38024	1.19405	0.452343	0.717382	0
340	0.55397	0.828042	0.586295	0.723786	-0.836648	0.452343	0.717382	9
341	0.55397	0.828042	0.586295	0.723786	1.19405	0.452343	-1.39256	8
342	0.55397	-1.20646	0.586295	0.723786	1.19405	-2.2085	0.717382	2
343	0.55397	0.828042	0.586295	0.723786	1.19405	0.452343	0.717382	3
344	0.55397	-1.20646	0.586295	-1.38024	-0.836648	0.452343	-1.39256	7
345	0.55397	0.828042	0.586295	0.723786	1.19405	0.452343	0.717382	8
346	0.55397	-1.20646	0.586295	0.723786	-0.836648	0.452343	-1.39256	3
347	0.55397	-1.20646	0.586295	0.723786	-0.836648	-2.2085	-1.39256	2
348	0.55397	0.828042	0.586295	0.723786	1.19405	0.452343	0.717382	9
349	0.55397	0.828042	0.586295	0.723786	-0.836648	0.452343	0.717382	9
350	0.55397	0.828042	0.586295	0.723786	1.19405	0.452343	0.717382	8
351	0.55397	0.828042	0.586295	-1.38024	-0.836648	0.452343	0.717382	0
352	0.55397	-1.20646	0.586295	0.723786	-0.836648	0.452343	0.717382	3
353	0.55397	-1.20646	0.586295	0.723786	1.19405	-2.2085	-1.39256	2
354	-1.80335	0.828042	0.586295	0.723786	-0.836648	0.452343	-1.39256	4
355	0.55397	-1.20646	0.586295	-1.38024	-0.836648	0.452343	-1.39256	1
356	0.55397	-1.20646	0.586295	0.723786	-0.836648	0.452343	-1.39256	7
357	0.55397	0.828042	-1.70392	-1.38024	-0.836648	0.452343	0.717382	5
358	-1.80335	0.828042	0.586295	-1.38024	-0.836648	0.452343	-1.39256	1
359	-1.80335	-1.20646	-1.70392	-1.38024	-0.836648	0.452343	-1.39256	1
360	0.55397	-1.20646	0.586295	-1.38024	-0.836648	0.452343	0.717382	3
361	0.55397	0.828042	-1.70392	0.723786	-0.836648	0.452343	0.717382	5
362	-1.80335	-1.20646	0.586295	-1.38024	1.19405	-2.2085	-1.39256	1
363	0.55397	0.828042	0.586295	0.723786	-0.836648	0.452343	0.717382	9
364	-1.80335	-1.20646	0.586295	0.723786	-0.836648	0.452343	-1.39256	1
365	0.55397	-1.20646	0.586295	0.723786	-0.836648	0.452343	0.717382	3
366	0.55397	0.828042	0.586295	0.723786	1.19405	0.452343	0.717382	6
367	0.55397	-1.20646	0.586295	0.723786	-0.836648	0.452343	0.717382	3
368	0.55397	-1.20646	0.586295	-1.38024	1.19405	0.452343	-1.39256	7
369	-1.80335	0.828042	-1.70392	0.723786	-0.836648	0.452343	-1.39256	4
370	-1.80335	-1.20646	0.586295	-1.38024	-0.836648	0.452343	-1.39256	1
371	0.55397	0.828042	-1.70392	0.723786	-0.836648	0.452343	0.717382	6
372	0.55397	0.828042	0.586295	-1.38024	1.19405	0.452343	0.717382	0
373	0.55397	0.828042	0.586295	0.723786	1.19405	-2.2085	0.717382	8
374	-1.80335	-1.20646	-1.70392	-1.38024	1.19405	0.452343	0.717382	0
375	0.55397	0.828042	0.586295	0.723786	-0.836648	0.452343	0.717382	9
376	0.55397	0.828042	0.586295	0.723786	1.19405	0.452343	0.717382	8
377	0.55397	-1.20646	0.586295	0.723786	-0.836648	0.452343	0.717382	3
378	0.55397	-1.20646	-1.70392	0.723786	1.19405	-2.2085	0.717382	2
379	0.55397	0.828042	-1.70392	0.723786	-0.836648	0.452343	0.717382	5
380	0.55397	0.828042	0.586295	0.723786	-0.836648	0.452343	0.717382	5
381	0.55397	0.828042	-1.70392	0.723786	1.19405	0.452343	0.717382	6
382	0.55397	0.828042	0.586295	0.723786	-0.836648	0.452343	-1.39256	9
383	0.55397	-1.20646	0.586295	-1.38024	-0.836648	0.452343	-1.39256	7
384	0.55397	0.828042	0.586295	-1.38024	1.19405	0.452343	0.717382	0
385	0.55397	-1.20646	0.586295	0.723786	-0.836648	-2.2085	0.717382	2
386	0.55397	0.828042	-1.70392	0.723786	-0.836648	0.452343	-1.39256	6
387	0.55397	0.828042	-1.70392	0.723786	1.19405	0.452343	-1.39256	0
388	-1.80335	0.828042	0.586295	0.723786	-0.836648	0.452343	0.717382	4
389	0.55397	-1.20646	0.586295	0.723786	-0.836648	0.452343	0.717382	3
390	0.55397	0.828042	0.586295	0.723786	-0.836648	0.452343	0.717382	5
391	0.55397	0.828042	-1.70392	0.723786	1.19405	0.452343	0.717382	6
392	0.55397	0.828042	0.586295	-1.38024	-0.836648	0.452343	0.717382	3
393	-1.80335	0.828042	0.586295	0.723786	-0.836648	0.452343	-1.39256	4
394	0.55397	0.828042	0.586295	0.723786	-0.836648	0.452343	0.717382	8
395	0.55397	0.828042	-1.70392	0.723786	-0.836648	0.452343	0.717382	5
396	0.55397	0.828042	-1.70392	0.723786	-0.836648	0.452343	0.717382	5
397	-1.80335	-1.20646	-1.70392	-1.38024	-0.836648	0.452343	-1.39256	1
398	0.55397	-1.20646	0.586295	0.723786	-0.836648	0.452343	0.717382	3
399	0.55397	0.828042	0.586295	0.723786	-0.836648	-2.2085	0.717382	9
400	0.55397	-1.20646	0.586295	0.723786	1.19405	-2.2085	0.717382	8
401	0.55397	0.828042	-1.70392	0.723786	-0.836648	0.452343	0.717382	5
402	-1.80335	-1.20646	0.586295	-1.38024	1.19405	0.452343	-1.39256	1
403	0.55397	-1.20646	0.586295	-1.38024	-0.836648	0.452343	-1.39256	7
404	0.55397	0.828042	0.586295	-1.38024	-0.836648	0.452343	0.717382	0
405	0.55397	-1.20646	0.586295	0.723786	-0.836648	0.452343	0.717382	3
406	-1.80335	-1.20646	0.586295	-1.38024	-0.836648	0.452343	-1.39256	1
407	0.55397	-1.20646	0.586295	0.723786	-0.836648	0.452343	0.717382	5
408	-1.80335	-1.20646	0.586295	-1.38024	1.19405	-2.2085	-1.39256	1
409	0.55397	0.828042	-1.70392	0.723786	-0.836648	0.452343	0.717382	5
410	0.55397	-1.20646	0.586295	-1.38024	-0.836648	0.452343	-1.39256	7
411	0.55397	-1.20646	0.586295	0.723786	-0.836648	0.452343	-1.39256	7
412	-1.80335	0.828042	-1.70392	-1.38024	1.19405	-2.2085	0.717382	6
413	-1.80335	-1.20646	0.586295	-1.38024	-0.836648	0.452343	-1.39256	1
414	0.55397	0.828042	-1.70392	0.723786	-0.836648	-2.2085	0.717382	5
415	0.55397	-1.20646	0.586295	-1.38024	1.19405	-2.2085	-1.39256	2
416	-1.80335	-1.20646	0.586295	-1.38024	1.19405	0.452343	-1.39256	1
417	0.55397	0.828042	0.586295	-1.38024	-0.836648	0.452343	0.717382	9
418	-1.80335	-1.20646	0.586295	-1.38024	-0.836648	0.452343	-1.39256	4
419	0.55397	-1.20646	0.586295	0.723786	-0.836648	-2.2085	-1.39256	9
420	0.55397	0.828042	0.586295	-1.38024	-0.836648	0.452343	-1.39256	7
421	0.55397	-1.20646	0.586295	0.723786	1.19405	-2.2085	0.717382	2
422	0.55397	-1.20646	0.586295	-1.38024	-0.836648	0.452343	-1.39256	7
423	0.55397	0.828042	-1.70392	0.723786	1.19405	0.452343	0.717382	6
424	0.55397	-1.20646	0.586295	0.723786	1.19405	-2.2085	0.717382	2
425	0.55397	0.828042	0.586295	0.723786	-0.836648	0.452343	0.717382	9
426	0.55397	0.828042	0.586295	0.723786	1.19405	0.452343	0.717382	8
427	0.55397	0.828042	0.586295	-1.38024	1.19405	0.452343	0.717382	0
428	0.55397	-1.20646	0.586295	-1.38024	-0.836648	0.452343	-1.39256	7
429	0.55397	-1.20646	-1.70392	-1.38024	-0.836648	0.452343	-1.39256	7
430	0.55397	0.828042	-1.70392	-1.38024	1.19405	0.452343	0.717382	0
431	0.55397	-1.20646	0.586295	-1.38024	-0.836648	0.452343	0.717382	3
432	0.55397	0.828042	0.586295	0.723786	-0.836648	0.452343	0.717382	9
433	-1.80335	-1.20646	0.586295	-1.38024	-0.836648	0.452343	-1.39256	1
434	0.55397	-1.20646	-1.70392	-1.38024	-0.836648	0.452343	-1.39256	7
435	0.55397	0.828042	0.586295	0.723786	1.19405	0.452343	0.717382	8
436	0.55397	-1.20646	-1.70392	0.723786	1.19405	-2.2085	0.717382	2
437	-1.80335	0.828042	0.586295	0.723786	-0.836648	0.452343	-1.39256	4
438	-1.80335	0.828042	0.586295	0.723786	-0.836648	0.452343	-1.39256	4
439	0.55397	-1.20646	0.586295	0.723786	1.19405	-2.2085	0.717382	2
440	0.55397	-1.20646	0.586295	-1.38024	-0.836648	-2.2085	-1.39256	1
441	0.55397	-1.20646	0.586295	0.723786	1.19405	-2.2085	0.717382	2
442	-1.80335	0.828042	0.586295	0.723786	-0.836648	0.452343	-1.39256	4
443	-1.80335	0.828042	0.586295	-1.38024	-0.836648	0.452343	-1.39256	1
444	0.55397	0.828042	0.586295	0.723786	1.19405	0.452343	0.717382	6
445	-1.80335	-1.20646	0.586295	0.723786	-0.836648	0.452343	0.717382	3
446	0.55397	0.828042	0.586295	-1.38024	-0.836648	0.452343	0.717382	0
447	0.55397	0.828042	0.586295	0.723786	-0.836648	-2.2085	0.717382	5
448	-1.80335	0.828042	0.586295	0.723786	-0.836648	0.452343	0.717382	4
449	0.55397	0.828042	0.586295	0.723786	-0.836648	0.452343	0.717382	3
450	-1.80335	-1.20646	0.586295	0.723786	1.19405	-2.2085	-1.39256	2
451	0.55397	0.828042	0.586295	0.723786	-0.836648	0.452343	0.717382	9
452	0.55397	-1.20646	0.586295	0.723786	-0.836648	0.452343	0.717382	7
453	0.55397	0.828042	-1.70392	0.723786	1.19405	0.452343	0.717382	5
454	0.55397	0.828042	-1.70392	0.723786	-0.836648	0.452343	0.717382	5
455	0.55397	0.828042	-1.70392	-1.38024	1.19405	0.452343	-1.39256	0
456	0.55397	-1.20646	0.586295	-1.38024	1.19405	0.452343	-1.39256	7
457	0.55397	0.828042	-1.70392	0.723786	1.19405	0.452343	0.717382	8
458	0.55397	-1.20646	0.586295	0.723786	-0.836648	0.452343	-1.39256	3
459	0.55397	0.828042	0.586295	-1.38024	1.19405	0.452343	0.717382	0
460	0.55397	0.828042	0.586295	0.723786	1.19405	0.452343	0.717382	8
461	0.55397	0.828042	-1.70392	0.723786	1.19405	0.452343	0.717382	8
462	0.55397	-1.20646	-1.70392	0.723786	-0.836648	-2.2085	0.717382	5
463	0.55397	-1.20646	0.586295	-1.38024	1.19405	0.452343	0.717382	8
464	0.55397	0.828042	-1.70392	0.723786	-0.836648	0.452343	0.717382	5
465	-1.80335	0.828042	-1.70392	0.723786	-0.836648	0.452343	0.717382	5
466	-1.80335	0.828042	0.586295	0.723786	-0.836648	0.452343	-1.39256	4
467	-1.80335	-1.20646	-1.70392	-1.38024	-0.836648	0.452343	-1.39256	7
468	0.55397	0.828042	-1.70392	0.723786	1.19405	0.452343	0.717382	6
469	0.55397	0.828042	-1.70392	0.723786	-0.836648	0.452343	0.717382	9
470	0.55397	-1.20646	0.586295	0.723786	-0.836648	0.452343	0.717382	3
471	0.55397	-1.20646	0.586295	-1.38024	-0.836648	0.452343	-1.39256	7
472	0.55397	0.828042	-1.70392	0.723786	1.19405	0.452343	0.717382	6
473	-1.80335	0.828042	0.586295	0.723786	-0.836648	0.452343	-1.39256	4
474	0.55397	0.828042	-1.70392	0.723786	-0.836648	0.452343	-1.39256	5
475	0.55397	-1.20646	0.586295	-1.38024	-0.836648	0.452343	-1.39256	7
476	0.55397	0.828042	0.586295	0.723786	1.19405	0.452343	0.717382	8
477	0.55397	0.828042	0.586295	0.723786	1.19405	0.452343	0.717382	8
478	-1.80335	0.828042	-1.70392	0.723786	-0.836648	0.452343	0.717382	5
479	0.55397	-1.20646	-1.70392	0.723786	-0.836648	0.452343	0.717382	3
480	0.55397	0.828042	0.586295	0.723786	-0.836648	0.452343	0.717382	5
481	0.55397	0.828042	0.586295	0.723786	1.19405	0.452343	0.717382	8
482	0.55397	0.828042	0.586295	-1.38024	1.19405	0.452343	0.717382	0
483	0.55397	-1.20646	0.586295	-1.38024	-0.836648	0.452343	-1.39256	7
484	0.55397	-1.20646	0.586295	0.723786	1.19405	-2.2085	0.717382	2
485	0.55397	0.828042	0.586295	0.723786	1.19405	0.452343	-1.39256	8
486	0.55397	0.828042	0.586295	0.723786	1.19405	-2.2085	-1.39256	8
487	0.55397	-1.20646	0.586295	0.723786	1.19405	-2.2085	0.717382	2
488	0.55397	0.828042	0.586295	0.723786	-0.836648	0.452343	-1.39256	1
489	-1.80335	0.828042	0.586295	0.723786	1.19405	0.452343	0.717382	8
490	0.55397	0.828042	0.586295	-1.38024	1.19405	0.452343	0.717382	0
491	0.55397	0.828042	-1.70392	0.723786	1.19405	0.452343	0.717382	6
492	0.55397	-1.20646	0.586295	-1.38024	-0.836648	0.452343	-1.39256	7
493	0.55397	0.828042	0.586295	-1.38024	1.19405	-2.2085	0.717382	0
494	0.55397	-1.20646	0.586295	0.723786	1.19405	0.452343	0.717382	3
495	0.55397	0.828042	-1.70392	0.723786	1.19405	0.452343	0.717382	6
496	0.55397	0.828042	-1.70392	0.723786	1.19405	0.452343	0.717382	6
497	0.55397	0.828042	-1.70392	0.723786	-0.836648	0.452343	0.717382	6
498	0.55397	0.828042	-1.70392	0.723786	1.19405	0.452343	0.717382	6
499	0.55397	0.828042	-1.70392	0.723786	-0.836648	0.452343	0.717382	5
500	0.55397	-1.20646	0.586295	-1.38024	1.19405	0.452343	-1.39256	2
501	-1.80335	0.828042	0.586295	0.723786	1.19405	0.452343	0.717382	0
502	0.55397	0.828042	0.586295	0.723786	-0.836648	0.452343	0.717382	3
503	0.55397	0.828042	-1.70392	0.723786	-0.836648	0.452343	0.717382	5
504	0.55397	0.828042	-1.70392	0.723786	-0.836648	0.452343	0.717382	6
505	0.55397	0.828042	-1.70392	0.723786	1.19405	0.452343	0.717382	8
506	0.55397	0.828042	0.586295	0.723786	1.19405	0.452343	0.717382	9
507	0.55397	-1.20646	0.586295	-1.38024	-0.836648	0.452343	0.717382	3
508	0.55397	-1.20646	0.586295	0.723786	1.19405	0.452343	0.717382	2
509	-1.80335	0.828042	0.586295	0.723786	-0.836648	0.452343	-1.39256	4
510	0.55397	-1.20646	0.586295	-1.38024	1.19405	0.452343	0.717382	0
511	-1.80335	-1.20646	0.586295	0.723786	-0.836648	0.452343	-1.39256	4
512	0.55397	-1.20646	0.586295	-1.38024	-0.836648	-2.2085	0.717382	7
513	-1.80335	-1.20646	0.586295	-1.38024	-0.836648	0.452343	-1.39256	1
514	-1.80335	0.828042	0.586295	0.723786	-0.836648	0.452343	-1.39256	4
515	0.55397	-1.20646	0.586295	-1.38024	1.19405	-2.2085	0.717382	2
516	0.55397	0.828042	0.586295	0.723786	1.19405	0.452343	0.717382	8
517	0.55397	0.828042	0.586295	-1.38024	-0.836648	0.452343	-1.39256	7
518	-1.80335	0.828042	0.586295	0.723786	-0.836648	0.452343	-1.39256	4
519	0.55397	0.828042	-1.70392	0.723786	-0.836648	-2.2085	0.717382	5
520	-1.80335	0.828042	0.586295	0.723786	-0.836648	0.452343	-1.39256	4
521	0.55397	-1.20646	0.586295	0.723786	-0.836648	-2.2085	0.717382	2
522	0.55397	0.828042	-1.70392	0.723786	1.19405	-2.2085	0.717382	6
523	0.55397	0.828042	0.586295	-1.38024	1.19405	0.452343	0.717382	0
524	0.55397	0.828042	0.586295	-1.38024	1.19405	0.452343	0.717382	8
525	-1.80335	0.828042	0.586295	-1.38024	-0.836648	0.452343	-1.39256	4
526	0.55397	0.828042	0.586295	0.723786	1.19405	0.452343	0.717382	8
527	0.55397	-1.20646	0.586295	0.723786	1.19405	-2.2085	0.717382	2
528	0.55397	-1.20646	0.586295	-1.38024	-0.836648	0.452343	0.717382	3
529	-1.80335	-1.20646	0.586295	-1.38024	-0.836648	0.452343	-1.39256	1
530	0.55397	-1.20646	0.586295	0.723786	1.19405	-2.2085	0.717382	2
531	0.55397	-1.20646	0.586295	-1.38024	1.19405	0.452343	0.717382	0
532	0.55397	0.828042	0.586295	0.723786	-0.836648	0.452343	0.717382	9
533	0.55397	0.828042	-1.70392	-1.38024	-0.836648	0.452343	-1.39256	5
534	0.55397	-1.20646	0.586295	0.723786	1.19405	-2.2085	0.717382	2
535	-1.80335	-1.20646	0.586295	-1.38024	-0.836648	0.452343	-1.39256	7
536	-1.80335	-1.20646	0.586295	-1.38024	-0.836648	0.452343	-1.39256	1
537	0.55397	0.828042	-1.70392	-1.38024	1.19405	0.452343	0.717382	6
538	0.55397	0.828042	-1.70392	0.723786	-0.836648	0.452343	0.717382	5
539	0.55397	-1.20646	0.586295	0.723786	1.19405	-2.2085	0.717382	2
540	0.55397	0.828042	0.586295	-1.38024	1.19405	0.452343	0.717382	0
541	0.55397	-1.20646	0.586295	0.723786	-0.836648	-2.2085	-1.39256	2
542	0.55397	0.828042	0.586295	0.723786	-0.836648	0.452343	0.717382	9
543	0.55397	0.828042	0.586295	0.723786	1.19405	0.452343	-1.39256	7
544	-1.80335	0.828042	-1.70392	0.723786	-0.836648	0.452343	-1.39256	4
545	0.55397	-1.20646	-1.70392	0.723786	1.19405	0.452343	0.717382	6
546	0.55397	-1.20646	0.586295	-1.38024	-0.836648	0.452343	-1.39256	7
547	0.55397	0.828042	-1.70392	0.723786	1.19405	0.452343	0.717382	8
548	-1.80335	-1.20646	0.586295	-1.38024	-0.836648	0.452343	-1.39256	4
549	0.55397	-1.20646	0.586295	-1.38024	-0.836648	0.452343	0.717382	3
550	0.55397	-1.20646	0.586295	0.723786	-0.836648	0.452343	0.717382	3
551	-1.80335	0.828042	0.586295	0.723786	-0.836648	0.452343	0.717382	9
552	0.55397	-1.20646	0.586295	0.723786	1.19405	-2.2085	0.717382	2
553	0.55397	0.828042	-1.70392	0.723786	1.19405	0.452343	0.717382	6
554	0.55397	0.828042	0.586295	0.723786	1.19405	0.452343	0.717382	8
555	0.55397	0.828042	0.586295	0.723786	-0.836648	0.452343	-1.39256	4
556	0.55397	-1.20646	0.586295	-1.38024	1.19405	0.452343	-1.39256	7
557	0.55397	0.828042	0.586295	-1.38024	1.19405	0.452343	-1.39256	0
558	-1.80335	-1.20646	0.586295	-1.38024	-0.836648	0.452343	-1.39256	1
559	0.55397	0.828042	-1.70392	0.723786	1.19405	0.452343	0.717382	5
560	0.55397	0.828042	-1.70392	-1.38024	1.19405	0.452343	0.717382	0
561	0.55397	0.828042	0.586295	0.723786	-0.836648	0.452343	0.717382	9
562	-1.80335	0.828042	-1.70392	0.723786	-0.836648	0.452343	-1.39256	4
563	0.55397	0.828042	0.586295	0.723786	1.19405	0.452343	0.717382	8
564	0.55397	0.828042	0.586295	0.723786	1.19405	0.452343	-1.39256	0
565	-1.80335	-1.20646	0.586295	-1.38024	-0.836648	0.452343	-1.39256	7
566	0.55397	0.828042	0.586295	-1.38024	1.19405	0.452343	0.717382	0
567	0.55397	0.828042	0.586295	-1.38024	1.19405	0.452343	0.717382	8
568	-1.80335	0.828042	0.586295	0.723786	-0.836648	0.452343	-1.39256	4
569	0.55397	-1.20646	0.586295	0.723786	-0.836648	0.452343	0.717382	3
570	0.55397	-1.20646	0.586295	0.723786	-0.836648	0.452343	-1.39256	7
571	-1.80335	-1.20646	0.586295	-1.38024	-0.836648	0.452343	-1.39256	1
572	0.55397	0.828042	-1.70392	0.723786	-0.836648	0.452343	0.717382	5
573	-1.80335	-1.20646	0.586295	-1.38024	1.19405	0.452343	-1.39256	1
574	0.55397	-1.20646	-1.70392	-1.38024	-0.836648	0.452343	-1.39256	7
575	0.55397	0.828042	0.586295	0.723786	1.19405	0.452343	-1.39256	4
576	0.55397	-1.20646	0.586295	0.723786	1.19405	-2.2085	0.717382	2
577	-1.80335	0.828042	0.586295	0.723786	-0.836648	0.452343	-1.39256	4
578	0.55397	0.828042	-1.70392	-1.38024	-0.836648	0.452343	0.717382	9
579	0.55397	-1.20646	0.586295	-1.38024	-0.836648	0.452343	0.717382	7
580	0.55397	-1.20646	0.586295	0.723786	1.19405	-2.2085	0.717382	2
581	0.55397	0.828042	0.586295	0.723786	-0.836648	-2.2085	0.717382	9
582	-1.80335	-1.20646	0.586295	-1.38024	-0.836648	0.452343	-1.39256	1
583	0.55397	-1.20646	0.586295	0.723786	-0.836648	0.452343	0.717382	3
584	0.55397	0.828042	-1.70392	0.723786	-0.836648	0.452343	0.717382	5
585	0.55397	0.828042	0.586295	-1.38024	1.19405	0.452343	0.717382	0
586	0.55397	-1.20646	-1.70392	0.723786	-0.836648	0.452343	-1.39256	3
587	-1.80335	0.828042	0.586295	0.723786	-0.836648	0.452343	-1.39256	4
588	0.55397	-1.20646	0.586295	-1.38024	1.19405	-2.2085	0.717382	2
589	0.55397	0.828042	0.586295	0.723786	-0.836648	0.452343	0.717382	8
590	0.55397	0.828042	0.586295	0.723786	1.19405	0.452343	0.717382	8
591	0.55397	-1.20646	0.586295	-1.38024	1.19405	-2.2085	0.717382	2
592	0.55397	0.828042	0.586295	0.723786	1.19405	0.452343	0.717382	8
593	0.55397	0.828042	0.586295	0.723786	1.19405	0.452343	0.717382	6
594	0.55397	0.828042	0.586295	0.723786	1.19405	0.452343	0.717382	8
595	0.55397	-1.20646	0.586295	0.723786	1.19405	-2.2085	0.717382	2
596	0.55397	0.828042	-1.70392	-1.38024	-0.836648	0.452343	0.717382	9
597	0.55397	-1.20646	-1.70392	0.723786	1.19405	0.452343	0.717382	6
598	0.55397	0.828042	0.586295	0.723786	1.19405	0.452343	0.717382	8
599	0.55397	-1.20646	0.586295	-1.38024	1.19405	-2.2085	0.717382	2
600	-1.80335	0.828042	0.586295	0.723786	-0.836648	0.452343	-1.39256	4
601	0.55397	0.828042	0.586295	0.723786	-0.836648	0.452343	0.717382	9
602	0.55397	0.828042	-1.70392	0.723786	-0.836648	0.452343	0.717382	5
603	-1.80335	-1.20646	0.586295	-1.38024	-0.836648	0.452343	-1.39256	1
604	0.55397	0.828042	-1.70392	0.723786	1.19405	0.452343	0.717382	6
605	0.55397	0.828042	0.586295	0.723786	-0.836648	-2.2085	0.717382	9
606	0.55397	0.828042	-1.70392	0.723786	1.19405	0.452343	0.717382	6
607	-1.80335	0.828042	0.586295	0.723786	-0.836648	0.452343	-1.39256	4
608	-1.80335	-1.20646	0.586295	-1.38024	-0.836648	0.452343	-1.39256	1
609	0.55397	-1.20646	0.586295	-1.38024	-0.836648	0.452343	0.717382	3
610	0.55397	-1.20646	0.586295	0.723786	-0.836648	0.452343	0.717382	9
611	0.55397	-1.20646	0.586295	0.723786	1.19405	0.452343	-1.39256	7
612	0.55397	-1.20646	0.586295	-1.38024	-0.836648	0.452343	-1.39256	7
613	0.55397	0.828042	-1.70392	0.723786	1.19405	0.452343	0.717382	6
614	-1.80335	0.828042	0.586295	0.723786	1.19405	0.452343	-1.39256	4
615	-1.80335	-1.20646	0.586295	0.723786	-0.836648	-2.2085	-1.39256	4
616	0.55397	-1.20646	0.586295	0.723786	1.19405	0.452343	0.717382	2
617	0.55397	0.828042	-1.70392	0.723786	1.19405	0.452343	0.717382	6
618	0.55397	0.828042	-1.70392	0.723786	1.19405	0.452343	0.717382	6
619	0.55397	-1.20646	0.586295	0.723786	-0.836648	0.452343	0.717382	3
620	0.55397	0.828042	0.586295	0.723786	1.19405	-2.2085	0.717382	2
621	-1.80335	-1.20646	0.586295	-1.38024	-0.836648	0.452343	0.717382	1
622	0.55397	-1.20646	0.586295	0.723786	1.19405	-2.2085	0.717382	2
623	0.55397	-1.20646	0.586295	0.723786	-0.836648	0.452343	-1.39256	7
624	0.55397	0.828042	0.586295	0.723786	1.19405	0.452343	0.717382	8
625	-1.80335	-1.20646	0.586295	-1.38024	-0.836648	0.452343	-1.39256	1
626	0.55397	-1.20646	0.586295	0.723786	-0.836648	-2.2085	0.717382	2
627	-1.80335	0.828042	0.586295	-1.38024	-0.836648	0.452343	-1.39256	1
628	0.55397	-1.20646	0.586295	0.723786	-0.836648	0.452343	0.717382	3
629	0.55397	0.828042	0.586295	-1.38024	1.19405	0.452343	0.717382	0
630	0.55397	0.828042	0.586295	0.723786	1.19405	0.452343	0.717382	8
631	-1.80335	0.828042	0.586295	0.723786	-0.836648	0.452343	0.717382	9
632	0.55397	0.828042	-1.70392	0.723786	-0.836648	0.452343	0.717382	5
633	0.55397	0.828042	0.586295	0.723786	1.19405	0.452343	0.717382	8
634	-1.80335	-1.20646	0.586295	-1.38024	-0.836648	0.452343	-1.39256	1
635	0.55397	-1.20646	-1.70392	0.723786	-0.836648	0.452343	-1.39256	5
636	0.55397	0.828042	0.586295	-1.38024	-0.836648	0.452343	0.717382	0
637	-1.80335	0.828042	0.586295	0.723786	-0.836648	0.452343	-1.39256	4
638	0.55397	0.828042	0.586295	0.723786	1.19405	0.452343	0.717382	8
639	-1.80335	0.828042	-1.70392	0.723786	-0.836648	0.452343	0.717382	5
640	0.55397	-1.20646	0.586295	-1.38024	-0.836648	0.452343	-1.39256	7
641	0.55397	0.828042	-1.70392	0.723786	1.19405	0.452343	0.717382	6
642	0.55397	-1.20646	0.586295	-1.38024	-0.836648	0.452343	0.717382	7
643	0.55397	0.828042	-1.70392	0.723786	1.19405	0.452343	0.717382	6
644	-1.80335	0.828042	-1.70392	0.723786	-0.836648	0.452343	0.717382	5
645	0.55397	0.828042	-1.70392	0.723786	-0.836648	0.452343	0.717382	5
646	0.55397	-1.20646	0.586295	0.723786	1.19405	-2.2085	0.717382	2
647	-1.80335	-1.20646	0.586295	-1.38024	-0.836648	-2.2085	-1.39256	1
648	0.55397	-1.20646	0.586295	-1.38024	-0.836648	0.452343	0.717382	3
649	0.55397	-1.20646	0.586295	0.723786	1.19405	-2.2085	0.717382	2
650	0.55397	-1.20646	0.586295	-1.38024	-0.836648	0.452343	-1.39256	7
651	0.55397	-1.20646	-1.70392	0.723786	-0.836648	-2.2085	0.717382	2
652	0.55397	-1.20646	0.586295	0.723786	1.19405	0.452343	0.717382	8
653	0.55397	-1.20646	0.586295	-1.38024	-0.836648	0.452343	0.717382	3
654	-1.80335	-1.20646	0.586295	-1.38024	-0.836648	-2.2085	-1.39256	1
655	0.55397	0.828042	0.586295	-1.38024	1.19405	0.452343	0.717382	8
656	0.55397	0.828042	0.586295	0.723786	-0.836648	0.452343	0.717382	9
657	0.55397	-1.20646	0.586295	-1.38024	-0.836648	0.452343	-1.39256	7
658	0.55397	0.828042	-1.70392	0.723786	1.19405	0.452343	0.717382	6
659	-1.80335	0.828042	-1.70392	0.723786	1.19405	0.452343	0.717382	6
660	0.55397	0.828042	-1.70392	0.723786	-0.836648	0.452343	0.717382	5
661	0.55397	-1.20646	0.586295	0.723786	-0.836648	0.452343	0.717382	3
662	0.55397	-1.20646	-1.70392	0.723786	-0.836648	0.452343	0.717382	3
663	0.55397	0.828042	0.586295	0.723786	1.19405	-2.2085	0.717382	8
664	0.55397	0.828042	0.586295	-1.38024	1.19405	0.452343	0.717382	0
665	0.55397	-1.20646	0.586295	0.723786	-0.836648	0.452343	0.717382	3
666	-1.80335	-1.20646	-1.70392	-1.38024	-0.836648	0.452343	-1.39256	1
667	0.55397	0.828042	-1.70392	-1.38024	1.19405	0.452343	0.717382	6
668	-1.80335	0.828042	0.586295	0.723786	-0.836648	0.452343	-1.39256	4
669	-1.80335	0.828042	0.586295	0.723786	-0.836648	0.452343	0.717382	9
670	0.55397	0.828042	0.586295	0.723786	-0.836648	0.452343	0.717382	9
671	0.55397	0.828042	0.586295	0.723786	-0.836648	0.452343	-1.39256	3
672	0.55397	0.828042	0.586295	-1.38024	1.19405	0.452343	0.717382	0
673	0.55397	0.828042	-1.70392	0.723786	1.19405	0.452343	0.717382	6
674	0.55397	0.828042	0.586295	0.723786	-0.836648	0.452343	0.717382	9
675	0.55397	0.828042	0.586295	0.723786	1.19405	0.452343	0.717382	8
676	0.55397	-1.20646	0.586295	-1.38024	-0.836648	0.452343	-1.39256	7
677	0.55397	-1.20646	0.586295	0.723786	-0.836648	0.452343	0.717382	9
678	0.55397	-1.20646	0.586295	0.723786	1.19405	-2.2085	0.717382	2
679	0.55397	-1.20646	0.586295	0.723786	1.19405	-2.2085	0.717382	2
680	0.55397	0.828042	0.586295	-1.38024	-0.836648	-2.2085	0.717382	9
681	-1.80335	-1.20646	0.586295	-1.38024	-0.836648	-2.2085	-1.39256	7
682	0.55397	0.828042	-1.70392	-1.38024	1.19405	0.452343	0.717382	0
683	0.55397	0.828042	0.586295	0.723786	1.19405	0.452343	0.717382	8
684	0.55397	0.828042	0.586295	0.723786	1.19405	0.452343	0.717382	0
685	0.55397	0.828042	-1.70392	-1.38024	1.19405	0.452343	0.717382	8
686	0.55397	0.828042	0.586295	0.723786	-0.836648	0.452343	0.717382	9
687	0.55397	0.828042	0.586295	-1.38024	1.19405	0.452343	0.717382	0
688	0.55397	0.828042	0.586295	0.723786	1.19405	0.452343	0.717382	9
689	-1.80335	0.828042	0.586295	-1.38024	1.19405	0.452343	0.717382	0
690	-1.80335	0.828042	0.586295	0.723786	-0.836648	0.452343	0.717382	4
691	0.55397	0.828042	-1.70392	0.723786	1.19405	0.452343	0.717382	6
692	0.55397	0.828042	0.586295	-1.38024	1.19405	0.452343	0.717382	0
693	0.55397	-1.20646	0.586295	-1.38024	-0.836648	0.452343	-1.39256	7
694	0.55397	0.828042	-1.70392	0.723786	1.19405	0.452343	0.717382	6
695	-1.80335	0.828042	0.586295	0.723786	-0.836648	0.452343	-1.39256	4
696	-1.80335	0.828042	0.586295	0.723786	-0.836648	0.452343	-1.39256	4
697	0.55397	0.828042	0.586295	-1.38024	1.19405	-2.2085	0.717382	2
698	0.55397	0.828042	-1.70392	0.723786	1.19405	0.452343	0.717382	6
699	0.55397	0.828042	0.586295	-1.38024	1.19405	0.452343	-1.39256	0
700	0.55397	0.828042	0.586295	0.723786	-0.836648	0.452343	0.717382	5
701	0.55397	0.828042	0.586295	0.723786	-0.836648	-2.2085	0.717382	9
702	-1.80335	0.828042	0.586295	0.723786	-0.836648	0.452343	-1.39256	4
703	0.55397	0.828042	0.586295	0.723786	-0.836648	0.452343	0.717382	9
704	0.55397	0.828042	0.586295	0.723786	1.19405	0.452343	0.717382	6
705	-1.80335	0.828042	0.586295	0.723786	-0.836648	0.452343	-1.39256	4
706	0.55397	-1.20646	0.586295	0.723786	1.19405	0.452343	0.717382	8
707	0.55397	0.828042	0.586295	-1.38024	1.19405	-2.2085	0.717382	0
708	0.55397	0.828042	0.586295	0.723786	1.19405	-2.2085	0.717382	8
709	0.55397	0.828042	0.586295	-1.38024	1.19405	-2.2085	0.717382	0
710	-1.80335	0.828042	-1.70392	0.723786	-0.836648	0.452343	-1.39256	6
711	0.55397	0.828042	0.586295	-1.38024	1.19405	0.452343	0.717382	0
712	-1.80335	-1.20646	0.586295	-1.38024	-0.836648	-2.2085	-1.39256	1
713	-1.80335	0.828042	0.586295	-1.38024	-0.836648	0.452343	-1.39256	4
714	0.55397	0.828042	0.586295	0.723786	1.19405	0.452343	0.717382	6
715	0.55397	-1.20646	0.586295	-1.38024	-0.836648	0.452343	-1.39256	7
716	0.55397	-1.20646	0.586295	-1.38024	-0.836648	-2.2085	-1.39256	7
717	0.55397	0.828042	0.586295	0.723786	-0.836648	0.452343	0.717382	9
718	0.55397	0.828042	0.586295	-1.38024	1.19405	0.452343	0.717382	0
719	0.55397	0.828042	-1.70392	0.723786	1.19405	-2.2085	0.717382	6
720	0.55397	-1.20646	0.586295	-1.38024	-0.836648	0.452343	-1.39256	1
721	-1.80335	0.828042	0.586295	0.723786	-0.836648	0.452343	-1.39256	4
722	0.55397	0.828042	0.586295	0.723786	-0.836648	0.452343	0.717382	9
723	0.55397	-1.20646	-1.70392	-1.38024	1.19405	0.452343	-1.39256	7
724	-1.80335	0.828042	-1.70392	-1.38024	1.19405	-2.2085	-1.39256	4
725	-1.80335	-1.20646	0.586295	-1.38024	-0.836648	0.452343	-1.39256	1
726	-1.80335	-1.20646	0.586295	-1.38024	-0.836648	0.452343	-1.39256	1
727	0.55397	0.828042	0.586295	-1.38024	1.19405	0.452343	0.717382	0
728	0.55397	-1.20646	0.586295	0.723786	1.19405	0.452343	0.717382	6
729	0.55397	0.828042	-1.70392	0.723786	-0.836648	0.452343	0.717382	5
730	-1.80335	-1.20646	0.586295	-1.38024	-0.836648	0.452343	-1.39256	7
731	0.55397	0.828042	0.586295	-1.38024	1.19405	-2.2085	0.717382	0
732	0.55397	0.828042	0.586295	0.723786	-0.836648	0.452343	0.717382	9
733	0.55397	0.828042	0.586295	0.723786	1.19405	0.452343	0.717382	8
734	0.55397	0.828042	-1.70392	0.723786	-0.836648	-2.2085	0.717382	5
735	0.55397	0.828042	0.586295	0.723786	-0.836648	0.452343	-1.39256	4
736	0.55397	0.828042	0.586295	0.723786	-0.836648	0.452343	0.717382	5
737	0.55397	0.828042	-1.70392	0.723786	1.19405	0.452343	0.717382	6
738	0.55397	0.828042	-1.70392	0.723786	-0.836648	0.452343	0.717382	5
739	0.55397	0.828042	-1.70392	0.723786	1.19405	0.452343	0.717382	6
740	-1.80335	0.828042	0.586295	-1.38024	-0.836648	0.452343	-1.39256	1
741	0.55397	-1.20646	0.586295	0.723786	-0.836648	0.452343	0.717382	2
742	0.55397	-1.20646	0.586295	0.723786	-0.836648	0.452343	0.717382	3
743	0.55397	-1.20646	0.586295	0.723786	1.19405	0.452343	0.717382	3
744	0.55397	0.828042	0.586295	0.723786	-0.836648	0.452343	0.717382	3
745	0.55397	0.828042	-1.70392	0.723786	-0.836648	0.452343	0.717382	5
746	0.55397	0.828042	0.586295	0.723786	-0.836648	0.452343	0.717382	9
747	-1.80335	0.828042	-1.70392	-1.38024	-0.836648	0.452343	0.717382	6
748	0.55397	0.828042	-1.70392	0.723786	-0.836648	0.452343	0.717382	5
749	0.55397	0.828042	0.586295	0.723786	1.19405	0.452343	0.717382	8
750	0.55397	0.828042	0.586295	0.723786	-0.836648	0.452343	0.717382	9
751	-1.80335	0.828042	0.586295	0.723786	-0.836648	0.452343	0.717382	4
752	0.55397	-1.20646	0.586295	-1.38024	-0.836648	0.452343	-1.39256	7
753	0.55397	-1.20646	-1.70392	0.723786	1.19405	0.452343	0.717382	3
754	0.55397	-1.20646	0.586295	-1.38024	1.19405	0.452343	0.717382	8
755	0.55397	0.828042	0.586295	0.723786	-0.836648	0.452343	0.717382	9
756	0.55397	-1.20646	0.586295	-1.38024	-0.836648	0.452343	-1.39256	7
757	0.55397	-1.20646	0.586295	0.723786	-0.836648	0.452343	0.717382	3
758	-1.80335	0.828042	0.586295	0.723786	-0.836648	0.452343	0.717382	4
759	0.55397	-1.20646	0.586295	0.723786	-0.836648	0.452343	0.717382	3
760	0.55397	-1.20646	0.586295	-1.38024	-0.836648	-2.2085	-1.39256	7
761	0.55397	-1.20646	-1.70392	-1.38024	-0.836648	0.452343	-1.39256	7
762	0.55397	0.828042	0.586295	-1.38024	-0.836648	0.452343	-1.39256	8
763	-1.80335	-1.20646	0.586295	0.723786	-0.836648	0.452343	0.717382	3
764	0.55397	0.828042	-1.70392	0.723786	-0.836648	0.452343	0.717382	0
765	0.55397	0.828042	-1.70392	0.723786	-0.836648	0.452343	0.717382	5
766	0.55397	0.828042	-1.70392	0.723786	1.19405	0.452343	0.717382	6
767	-1.80335	0.828042	0.586295	0.723786	-0.836648	0.452343	-1.39256	4
768	0.55397	0.828042	-1.70392	0.723786	-0.836648	0.452343	0.717382	9
769	-1.80335	-1.20646	0.586295	-1.38024	-0.836648	0.452343	-1.39256	1
770	0.55397	0.828042	0.586295	-1.38024	-0.836648	0.452343	0.717382	9
771	-1.80335	-1.20646	0.586295	0.723786	-0.836648	0.452343	0.717382	4
772	0.55397	-1.20646	0.586295	0.723786	1.19405	-2.2085	0.717382	2
773	0.55397	0.828042	0.586295	0.723786	1.19405	0.452343	0.717382	8
774	0.55397	-1.20646	0.586295	0.723786	-0.836648	0.452343	0.717382	3
775	-1.80335	-1.20646	0.586295	-1.38024	-0.836648	0.452343	-1.39256	1
776	-1.80335	-1.20646	0.586295	-1.38024	-0.836648	-2.2085	-1.39256	7
777	-1.80335	0.828042	0.586295	0.723786	-0.836648	0.452343	-1.39256	4
778	-1.80335	-1.20646	0.586295	-1.38024	-0.836648	0.452343	-1.39256	1
779	0.55397	-1.20646	0.586295	0.723786	-0.836648	-2.2085	-1.39256	2
780	-1.80335	-1.20646	0.586295	-1.38024	-0.836648	0.452343	-1.39256	1
781	0.55397	0.828042	0.586295	0.723786	1.19405	-2.2085	0.717382	2
782	0.55397	-1.20646	0.586295	0.723786	1.19405	-2.2085	-1.39256	2
783	0.55397	-1.20646	0.586295	0.723786	1.19405	-2.2085	0.717382	2
784	0.55397	-1.20646	-1.70392	0.723786	1.19405	0.452343	0.717382	6
785	0.55397	-1.20646	0.586295	-1.38024	-0.836648	0.452343	-1.39256	7
786	0.55397	-1.20646	0.586295	-1.38024	-0.836648	0.452343	-1.39256	7
787	0.55397	-1.20646	0.586295	0.723786	-0.836648	0.452343	0.717382	3
788	0.55397	-1.20646	0.586295	0.723786	1.19405	0.452343	0.717382	8
789	0.55397	-1.20646	0.586295	-1.38024	-0.836648	-2.2085	0.717382	3
790	0.55397	-1.20646	0.586295	0.723786	1.19405	-2.2085	0.717382	2
791	0.55397	-1.20646	0.586295	-1.38024	-0.836648	0.452343	-1.39256	7
792	0.55397	-1.20646	0.586295	0.723786	1.19405	0.452343	0.717382	8
793	-1.80335	-1.20646	0.586295	-1.38024	-0.836648	0.452343	-1.39256	7
794	0.55397	0.828042	0.586295	-1.38024	1.19405	-2.2085	0.717382	0
795	-1.80335	-1.20646	0.586295	-1.38024	-0.836648	0.452343	-1.39256	4
796	0.55397	0.828042	-1.70392	0.723786	1.19405	0.452343	0.717382	6
797	-1.80335	0.828042	-1.70392	0.723786	1.19405	0.452343	0.717382	6
798	0.55397	0.828042	0.586295	-1.38024	1.19405	0.452343	0.717382	0
799	0.55397	0.828042	0.586295	0.723786	1.19405	0.452343	-1.39256	6
800	0.55397	-1.20646	0.586295	-1.38024	-0.836648	0.452343	-1.39256	7
801	0.55397	0.828042	-1.70392	0.723786	-0.836648	0.452343	0.717382	5
802	0.55397	0.828042	-1.70392	0.723786	-0.836648	0.452343	0.717382	9
803	-1.80335	0.828042	0.586295	0.723786	-0.836648	0.452343	-1.39256	4
804	0.55397	0.828042	0.586295	0.723786	-0.836648	0.452343	0.717382	3
805	0.55397	-1.20646	0.586295	-1.38024	-0.836648	0.452343	-1.39256	7
806	0.55397	0.828042	0.586295	0.723786	-0.836648	0.452343	0.717382	8
807	0.55397	0.828042	-1.70392	0.723786	-0.836648	0.452343	0.717382	5
808	-1.80335	-1.20646	0.586295	-1.38024	-0.836648	-2.2085	0.717382	1
809	0.55397	-1.20646	0.586295	-1.38024	-0.836648	-2.2085	0.717382	3
810	0.55397	0.828042	-1.70392	0.723786	1.19405	0.452343	0.717382	6
811	0.55397	0.828042	0.586295	0.723786	-0.836648	0.452343	0.717382	9
812	0.55397	-1.20646	0.586295	-1.38024	-0.836648	0.452343	-1.39256	7
813	0.55397	-1.20646	-1.70392	-1.38024	-0.836648	0.452343	-1.39256	7
814	0.55397	0.828042	0.586295	0.723786	1.19405	0.452343	0.717382	8
815	0.55397	-1.20646	0.586295	0.723786	1.19405	-2.2085	0.717382	2
816	-1.80335	0.828042	-1.70392	0.723786	-0.836648	0.452343	-1.39256	4
817	0.55397	0.828042	-1.70392	0.723786	-0.836648	0.452343	0.717382	5
818	0.55397	0.828042	-1.70392	0.723786	1.19405	0.452343	0.717382	6
819	-1.80335	-1.20646	0.586295	-1.38024	-0.836648	0.452343	-1.39256	1
820	0.55397	0.828042	0.586295	0.723786	-0.836648	0.452343	0.717382	9
821	0.55397	-1.20646	0.586295	-1.38024	-0.836648	0.452343	-1.39256	1
822	-1.80335	-1.20646	0.586295	-1.38024	1.19405	0.452343	-1.39256	1
823	0.55397	-1.20646	0.586295	0.723786	-0.836648	-2.2085	0.717382	3
824	0.55397	0.828042	-1.70392	0.723786	1.19405	0.452343	0.717382	6
825	0.55397	-1.20646	0.586295	0.723786	1.19405	-2.2085	0.717382	2
826	0.55397	0.828042	0.586295	0.723786	-0.836648	0.452343	0.717382	9
827	-1.80335	-1.20646	0.586295	-1.38024	-0.836648	0.452343	-1.39256	1
828	-1.80335	0.828042	0.586295	-1.38024	-0.836648	0.452343	-1.39256	4
829	0.55397	-1.20646	0.586295	0.723786	-0.836648	0.452343	0.717382	3
830	0.55397	0.828042	0.586295	0.723786	-0.836648	0.452343	0.717382	5
831	0.55397	0.828042	-1.70392	0.723786	1.19405	0.452343	-1.39256	6
832	0.55397	0.828042	0.586295	0.723786	-0.836648	0.452343	0.717382	9
833	0.55397	0.828042	-1.70392	0.723786	1.19405	0.452343	0.717382	5
834	0.55397	0.828042	0.586295	-1.38024	-0.836648	0.452343	0.717382	9
835	0.55397	0.828042	-1.70392	0.723786	1.19405	0.452343	0.717382	6
836	-1.80335	0.828042	0.586295	0.723786	-0.836648	-2.2085	-1.39256	4
837	0.55397	0.828042	0.586295	0.723786	-0.836648	0.452343	-1.39256	4
838	0.55397	0.828042	0.586295	0.723786	-0.836648	0.452343	-1.39256	7
839	0.55397	0.828042	0.586295	0.723786	1.19405	0.452343	-1.39256	8
840	-1.80335	-1.20646	0.586295	-1.38024	-0.836648	0.452343	-1.39256	1
841	0.55397	-1.20646	0.586295	-1.38024	1.19405	0.452343	0.717382	0
842	-1.80335	0.828042	0.586295	0.723786	-0.836648	0.452343	0.717382	4
843	0.55397	0.828042	0.586295	0.723786	1.19405	0.452343	0.717382	8
844	0.55397	-1.20646	0.586295	0.723786	-0.836648	0.452343	0.717382	3
845	0.55397	0.828042	0.586295	-1.38024	-0.836648	0.452343	0.717382	5
846	0.55397	-1.20646	0.586295	0.723786	-0.836648	0.452343	0.717382	3
847	0.55397	0.828042	0.586295	-1.38024	1.19405	0.452343	0.717382	0
848	0.55397	0.828042	-1.70392	0.723786	1.19405	0.452343	0.717382	9
849	0.55397	0.828042	0.586295	-1.38024	-0.836648	0.452343	-1.39256	7
850	-1.80335	-1.20646	0.586295	-1.38024	-0.836648	0.452343	-1.39256	7
851	-1.80335	0.828042	0.586295	0.723786	1.19405	0.452343	-1.39256	4
852	-1.80335	-1.20646	-1.70392	0.723786	-0.836648	0.452343	-1.39256	3
853	0.55397	-1.20646	0.586295	-1.38024	-0.836648	0.452343	-1.39256	7
854	0.55397	0.828042	0.586295	0.723786	1.19405	0.452343	0.717382	8
855	0.55397	-1.20646	0.586295	0.723786	-0.836648	-2.2085	0.717382	3
856	0.55397	0.828042	-1.70392	0.723786	-0.836648	0.452343	-1.39256	5
857	0.55397	0.828042	-1.70392	-1.38024	1.19405	0.452343	0.717382	0
858	0.55397	0.828042	0.586295	0.723786	-0.836648	0.452343	0.717382	9
859	0.55397	0.828042	-1.70392	0.723786	1.19405	0.452343	0.717382	6
860	0.55397	-1.20646	0.586295	0.723786	-0.836648	0.452343	0.717382	3
861	0.55397	0.828042	-1.70392	0.723786	-0.836648	0.452343	0.717382	9
862	0.55397	-1.20646	0.586295	-1.38024	-0.836648	0.452343	-1.39256	7
863	0.55397	-1.20646	0.586295	-1.38024	-0.836648	-2.2085	-1.39256	7
864	-1.80335	0.828042	-1.70392	0.723786	1.19405	0.452343	-1.39256	4
865	0.55397	-1.20646	0.586295	0.723786	1.19405	-2.2085	0.717382	2
866	0.55397	0.828042	-1.70392	-1.38024	-0.836648	0.452343	0.717382	0
867	-1.80335	0.828042	-1.70392	0.723786	-0.836648	0.452343	0.717382	4
868	0.55397	-1.20646	0.586295	-1.38024	-0.836648	0.452343	-1.39256	7
869	0.55397	0.828042	0.586295	0.723786	-0.836648	0.452343	0.717382	5
870	0.55397	0.828042	-1.70392	0.723786	1.19405	0.452343	0.717382	6
871	-1.80335	0.828042	-1.70392	-1.38024	1.19405	0.452343	0.717382	6
872	0.55397	0.828042	-1.70392	0.723786	-0.836648	0.452343	0.717382	5
873	-1.80335	0.828042	0.586295	0.723786	-0.836648	0.452343	-1.39256	4
874	-1.80335	-1.20646	0.586295	-1.38024	-0.836648	-2.2085	-1.39256	7
875	0.55397	0.828042	-1.70392	0.723786	-0.836648	0.452343	0.717382	9
876	0.55397	0.828042	-1.70392	0.723786	1.19405	0.452343	0.717382	6
877	0.55397	-1.20646	0.586295	0.723786	-0.836648	0.452343	0.717382	3
878	0.55397	0.828042	-1.70392	0.723786	-0.836648	-2.2085	0.717382	5
879	0.55397	-1.20646	0.586295	0.723786	-0.836648	0.452343	-1.39256	7
880	0.55397	0.828042	0.586295	0.723786	1.19405	0.452343	0.717382	8
881	0.55397	0.828042	-1.70392	0.723786	1.19405	0.452343	0.717382	6
882	-1.80335	-1.20646	0.586295	-1.38024	-0.836648	0.452343	-1.39256	1
883	0.55397	-1.20646	0.586295	0.723786	-0.836648	-2.2085	0.717382	3
884	0.55397	0.828042	-1.70392	0.723786	1.19405	0.452343	0.717382	6
885	0.55397	-1.20646	0.586295	-1.38024	1.19405	0.452343	-1.39256	7
886	0.55397	-1.20646	0.586295	0.723786	1.19405	-2.2085	0.717382	8
887	0.55397	0.828042	-1.70392	0.723786	-0.836648	0.452343	-1.39256	4
888	0.55397	0.828042	0.586295	-1.38024	-0.836648	0.452343	0.717382	9
889	-1.80335	0.828042	0.586295	0.723786	-0.836648	0.452343	-1.39256	4
890	0.55397	-1.20646	0.586295	0.723786	-0.836648	0.452343	-1.39256	3
891	-1.80335	0.828042	0.586295	-1.38024	-0.836648	0.452343	-1.39256	7
892	0.55397	0.828042	0.586295	0.723786	-0.836648	-2.2085	0.717382	9
893	0.55397	0.828042	0.586295	0.723786	1.19405	0.452343	0.717382	8
894	0.55397	-1.20646	0.586295	0.723786	1.19405	-2.2085	0.717382	2
895	0.55397	0.828042	0.586295	-1.38024	-0.836648	0.452343	-1.39256	7
896	-1.80335	0.828042	-1.70392	0.723786	-0.836648	0.452343	-1.39256	4
897	0.55397	0.828042	-1.70392	-1.38024	1.19405	0.452343	-1.39256	0
898	0.55397	0.828042	-1.70392	0.723786	-0.836648	0.452343	0.717382	9
899	-1.80335	0.828042	0.586295	0.723786	-0.836648	0.452343	-1.39256	4
900	0.55397	0.828042	0.586295	0.723786	-0.836648	0.452343	0.717382	9
901	-1.80335	0.828042	0.586295	0.723786	1.19405	0.452343	-1.39256	4
902	0.55397	-1.20646	0.586295	0.723786	1.19405	-2.2085	0.717382	2
903	0.55397	-1.20646	0.586295	-1.38024	-0.836648	-2.2085	0.717382	2
904	0.55397	0.828042	-1.70392	0.723786	-0.836648	0.452343	0.717382	5
905	0.55397	-1.20646	0.586295	0.723786	-0.836648	0.452343	0.717382	3
906	-1.80335	0.828042	-1.70392	0.723786	-0.836648	0.452343	0.717382	5
907	0.55397	0.828042	-1.70392	0.723786	-0.836648	0.452343	0.717382	5
908	0.55397	-1.20646	0.586295	-1.38024	-0.836648	0.452343	-1.39256	7
909	-1.80335	0.828042	0.586295	0.723786	-0.836648	0.452343	-1.39256	4
910	-1.80335	0.828042	0.586295	-1.38024	-0.836648	0.452343	-1.39256	4
911	-1.80335	0.828042	0.586295	0.723786	-0.836648	0.452343	-1.39256	4
912	-1.80335	-1.20646	0.586295	0.723786	-0.836648	0.452343	-1.39256	4
913	0.55397	0.828042	0.586295	0.723786	-0.836648	0.452343	0.717382	9
914	0.55397	0.828042	-1.70392	-1.38024	-0.836648	0.452343	0.717382	5
915	-1.80335	-1.20646	0.586295	-1.38024	-0.836648	-2.2085	-1.39256	1
916	-1.80335	-1.20646	0.586295	-1.38024	-0.836648	0.452343	-1.39256	1
917	-1.80335	-1.20646	0.586295	-1.38024	-0.836648	0.452343	-1.39256	1
918	0.55397	0.828042	0.586295	0.723786	1.19405	0.452343	0.717382	8
919	0.55397	-1.20646	0.586295	0.723786	1.19405	-2.2085	0.717382	2
920	0.55397	0.828042	0.586295	-1.38024	1.19405	0.452343	0.717382	0
921	0.55397	0.828042	0.586295	0.723786	1.19405	0.452343	-1.39256	9
922	0.55397	0.828042	0.586295	0.723786	-0.836648	0.452343	0.717382	9
923	-1.80335	0.828042	0.586295	0.723786	-0.836648	-2.2085	-1.39256	4
924	-1.80335	-1.20646	0.586295	-1.38024	-0.836648	0.452343	-1.39256	1
925	-1.80335	0.828042	0.586295	0.723786	1.19405	0.452343	-1.39256	4
926	0.55397	0.828042	0.586295	0.723786	1.19405	0.452343	0.717382	8
927	0.55397	-1.20646	0.586295	-1.38024	-0.836648	0.452343	-1.39256	7
928	0.55397	0.828042	0.586295	0.723786	-0.836648	0.452343	0.717382	9
929	0.55397	-1.20646	0.586295	0.723786	-0.836648	0.452343	0.717382	3
930	0.55397	0.828042	0.586295	0.723786	1.19405	0.452343	0.717382	8
931	0.55397	0.828042	-1.70392	0.723786	-0.836648	0.452343	0.717382	5
932	0.55397	0.828042	0.586295	0.723786	1.19405	0.452343	0.717382	8
933	-1.80335	-1.20646	0.586295	-1.38024	1.19405	-2.2085	0.717382	2
934	0.55397	-1.20646	0.586295	0.723786	1.19405	0.452343	0.717382	2
935	0.55397	-1.20646	0.586295	-1.38024	-0.836648	0.452343	0.717382	7
936	0.55397	0.828042	0.586295	0.723786	-0.836648	0.452343	-1.39256	9
937	0.55397	0.828042	0.586295	0.723786	-0.836648	0.452343	0.717382	9
938	0.55397	-1.20646	-1.70392	-1.38024	1.19405	-2.2085	0.717382	2
939	0.55397	-1.20646	0.586295	-1.38024	-0.836648	0.452343	-1.39256	7
940	0.55397	0.828042	-1.70392	0.723786	1.19405	0.452343	0.717382	8
941	-1.80335	0.828042	0.586295	0.723786	1.19405	0.452343	0.717382	4
942	0.55397	-1.20646	0.586295	-1.38024	-0.836648	0.452343	-1.39256	7
943	-1.80335	0.828042	0.586295	0.723786	-0.836648	0.452343	-1.39256	4
944	0.55397	0.828042	0.586295	0.723786	-0.836648	-2.2085	0.717382	9
945	0.55397	-1.20646	0.586295	0.723786	-0.836648	0.452343	0.717382	3
946	0.55397	-1.20646	-1.70392	0.723786	-0.836648	0.452343	0.717382	5
947	-1.80335	0.828042	0.586295	-1.38024	-0.836648	0.452343	-1.39256	4
948	-1.80335	0.828042	-1.70392	0.723786	1.19405	0.452343	0.717382	4
949	-1.80335	0.828042	0.586295	-1.38024	-0.836648	0.452343	0.717382	9
950	0.55397	0.828042	-1.70392	-1.38024	-0.836648	0.452343	-1.39256	0
951	0.55397	0.828042	-1.70392	0.723786	1.19405	0.452343	0.717382	6
952	0.55397	0.828042	0.586295	-1.38024	1.19405	0.452343	0.717382	0
953	0.55397	0.828042	0.586295	0.723786	-0.836648	0.452343	0.717382	3
954	0.55397	0.828042	0.586295	-1.38024	1.19405	0.452343	0.717382	0
955	0.55397	0.828042	-1.70392	0.723786	1.19405	0.452343	0.717382	5
956	0.55397	-1.20646	0.586295	0.723786	-0.836648	0.452343	0.717382	9
957	0.55397	-1.20646	-1.70392	0.723786	1.19405	0.452343	0.717382	8
958	0.55397	0.828042	0.586295	0.723786	1.19405	0.452343	-1.39256	8
959	0.55397	0.828042	0.586295	0.723786	-0.836648	0.452343	0.717382	9
960	0.55397	0.828042	0.586295	0.723786	-0.836648	0.452343	0.717382	9
961	0.55397	0.828042	-1.70392	0.723786	1.19405	-2.2085	0.717382	6
962	0.55397	0.828042	0.586295	-1.38024	1.19405	0.452343	0.717382	0
963	-1.80335	0.828042	0.586295	-1.38024	-0.836648	0.452343	-1.39256	4
964	-1.80335	0.828042	-1.70392	0.723786	-0.836648	0.452343	-1.39256	4
965	-1.80335	0.828042	0.586295	0.723786	-0.836648	0.452343	-1.39256	4
966	0.55397	0.828042	-1.70392	-1.38024	1.19405	0.452343	0.717382	6
967	0.55397	0.828042	-1.70392	0.723786	-0.836648	0.452343	0.717382	9
968	0.55397	-1.20646	0.586295	-1.38024	-0.836648	0.452343	-1.39256	7
969	0.55397	-1.20646	0.586295	0.723786	-0.836648	0.452343	0.717382	3
970	-1.80335	-1.20646	0.586295	-1.38024	-0.836648	0.452343	-1.39256	1
971	0.55397	0.828042	0.586295	0.723786	1.19405	-2.2085	-1.39256	8
972	0.55397	0.828042	0.586295	0.723786	1.19405	0.452343	0.717382	0
973	0.55397	-1.20646	0.586295	0.723786	-0.836648	-2.2085	0.717382	3
974	0.55397	-1.20646	0.586295	0.723786	1.19405	-2.2085	0.717382	2
975	-1.80335	-1.20646	0.586295	0.723786	1.19405	0.452343	0.717382	2
976	0.55397	-1.20646	0.586295	0.723786	-0.836648	0.452343	0.717382	3
977	-1.80335	0.828042	0.586295	-1.38024	1.19405	0.452343	0.717382	0
978	0.55397	0.828042	0.586295	0.723786	1.19405	0.452343	0.717382	8
979	0.55397	0.828042	-1.70392	0.723786	-0.836648	0.452343	0.717382	5
980	0.55397	0.828042	-1.70392	0.723786	1.19405	0.452343	0.717382	5
981	0.55397	0.828042	-1.70392	0.723786	1.19405	0.452343	0.717382	6
982	0.55397	-1.20646	-1.70392	-1.38024	-0.836648	0.452343	-1.39256	3
983	0.55397	0.828042	-1.70392	0.723786	1.19405	0.452343	0.717382	6
984	0.55397	-1.20646	-1.70392	-1.38024	1.19405	-2.2085	0.717382	2
985	-1.80335	-1.20646	0.586295	-1.38024	-0.836648	-2.2085	-1.39256	1
986	0.55397	-1.20646	0.586295	-1.38024	-0.836648	0.452343	-1.39256	7
987	0.55397	0.828042	0.586295	-1.38024	-0.836648	0.452343	-1.39256	7
988	0.55397	0.828042	0.586295	-1.38024	1.19405	0.452343	0.717382	0
989	0.55397	0.828042	0.586295	-1.38024	1.19405	0.452343	-1.39256	0
990	-1.80335	0.828042	0.586295	0.723786	1.19405	0.452343	0.717382	8
991	0.55397	0.828042	0.586295	-1.38024	1.19405	0.452343	-1.39256	0
992	0.55397	0.828042	0.586295	0.723786	-0.836648	0.452343	0.717382	9
993	0.55397	-1.20646	0.586295	0.723786	-0.836648	-2.2085	0.717382	9
994	0.55397	0.828042	0.586295	0.723786	1.19405	0.452343	0.717382	8
995	-1.80335	0.828042	0.586295	0.723786	-0.836648	0.452343	-1.39256	4
996	0.55397	0.828042	0.586295	0.723786	-0.836648	0.452343	0.717382	9
997	-1.80335	-1.20646	0.586295	0.723786	-0.836648	0.452343	0.717382	3
998	0.55397	0.828042	0.586295	-1.38024	1.19405	-2.2085	-1.39256	0
999	0.55397	0.828042	0.586295	0.723786	1.19405	0.452343	0.717382	8
1000	0.55397	0.828042	0.586295	0.723786	1.19405	0.452343	0.717382	8
