	f1	f2	f3	f4	f5	f6	clase
1	0.45421	0.381467	0.800453	0.418553	1.7361	0.740391	1
2	0.45421	0.381467	0.800453	0.418553	1.7361	2.07309	1
3	0.45421	0.381467	0.800453	2.39467	0.970018	0.740391	1
4	0.45421	0.381467	0.800453	2.39467	1.7361	2.07309	1
5	0.45421	0.381467	2.18919	0.418553	0.970018	0.740391	1
6	0.45421	0.381467	2.18919	0.418553	0.970018	2.07309	1
7	0.45421	0.381467	2.18919	1.40661	1.7361	0.740391	1
8	0.45421	0.381467	2.18919	1.40661	2.50219	0.740391	1
9	0.45421	0.381467	2.18919	2.39467	0.203934	2.07309	1
10	0.45421	1.33957	0.800453	0.418553	0.203934	2.07309	1
11	0.45421	1.33957	0.800453	0.418553	0.970018	0.740391	0
12	0.45421	1.33957	0.800453	0.418553	1.7361	0.740391	0
13	0.45421	1.33957	0.800453	0.418553	2.50219	2.07309	0
14	0.45421	1.33957	0.800453	1.40661	0.203934	0.740391	1
15	0.45421	1.33957	0.800453	1.40661	1.7361	0.740391	0
16	0.45421	1.33957	0.800453	1.40661	1.7361	2.07309	0
17	0.45421	1.33957	0.800453	1.40661	2.50219	2.07309	0
18	0.45421	1.33957	0.800453	2.39467	0.970018	0.740391	0
19	0.45421	1.33957	0.800453	2.39467	2.50219	2.07309	0
20	0.45421	1.33957	2.18919	0.418553	0.970018	2.07309	0
21	0.45421	1.33957	2.18919	1.40661	1.7361	2.07309	0
22	0.45421	1.33957	2.18919	1.40661	2.50219	0.740391	0
23	0.45421	1.33957	2.18919	1.40661	2.50219	2.07309	0
24	0.45421	1.33957	2.18919	2.39467	0.970018	2.07309	0
25	0.45421	1.33957	2.18919	2.39467	1.7361	0.740391	0
26	0.45421	1.33957	2.18919	2.39467	1.7361	2.07309	0
27	0.45421	2.29767	0.800453	0.418553	0.970018	0.740391	0
28	0.45421	2.29767	0.800453	0.418553	2.50219	0.740391	0
29	0.45421	2.29767	0.800453	1.40661	0.970018	0.740391	0
30	0.45421	2.29767	0.800453	1.40661	2.50219	0.740391	0
31	0.45421	2.29767	0.800453	2.39467	0.203934	2.07309	1
32	0.45421	2.29767	0.800453	2.39467	0.970018	2.07309	0
33	0.45421	2.29767	0.800453	2.39467	1.7361	0.740391	0
34	0.45421	2.29767	0.800453	2.39467	2.50219	0.740391	0
35	0.45421	2.29767	0.800453	2.39467	2.50219	2.07309	0
36	0.45421	2.29767	2.18919	0.418553	0.970018	2.07309	0
37	0.45421	2.29767	2.18919	1.40661	0.203934	2.07309	1
38	0.45421	2.29767	2.18919	1.40661	0.970018	2.07309	0
39	0.45421	2.29767	2.18919	1.40661	1.7361	2.07309	0
40	0.45421	2.29767	2.18919	1.40661	2.50219	0.740391	0
41	0.45421	2.29767	2.18919	1.40661	2.50219	2.07309	0
42	0.45421	2.29767	2.18919	2.39467	0.203934	0.740391	1
43	0.45421	2.29767	2.18919	2.39467	0.970018	0.740391	0
44	0.45421	2.29767	2.18919	2.39467	2.50219	0.740391	0
45	0.45421	2.29767	2.18919	2.39467	2.50219	2.07309	0
46	1.47618	0.381467	0.800453	0.418553	1.7361	0.740391	0
47	1.47618	0.381467	0.800453	0.418553	1.7361	2.07309	0
48	1.47618	0.381467	0.800453	1.40661	0.203934	0.740391	1
49	1.47618	0.381467	0.800453	1.40661	0.203934	2.07309	1
50	1.47618	0.381467	0.800453	1.40661	0.970018	2.07309	0
51	1.47618	0.381467	0.800453	1.40661	1.7361	0.740391	0
52	1.47618	0.381467	0.800453	1.40661	2.50219	0.740391	0
53	1.47618	0.381467	0.800453	1.40661	2.50219	2.07309	0
54	1.47618	0.381467	0.800453	2.39467	2.50219	0.740391	0
55	1.47618	0.381467	2.18919	0.418553	0.970018	2.07309	0
56	1.47618	0.381467	2.18919	0.418553	1.7361	0.740391	0
57	1.47618	0.381467	2.18919	0.418553	2.50219	2.07309	0
58	1.47618	0.381467	2.18919	1.40661	1.7361	0.740391	0
59	1.47618	0.381467	2.18919	1.40661	2.50219	2.07309	0
60	1.47618	0.381467	2.18919	2.39467	0.970018	2.07309	0
61	1.47618	0.381467	2.18919	2.39467	2.50219	0.740391	0
62	1.47618	1.33957	0.800453	0.418553	0.970018	0.740391	1
63	1.47618	1.33957	0.800453	0.418553	0.970018	2.07309	1
64	1.47618	1.33957	0.800453	0.418553	1.7361	0.740391	1
65	1.47618	1.33957	0.800453	1.40661	1.7361	2.07309	1
66	1.47618	1.33957	0.800453	2.39467	0.203934	0.740391	1
67	1.47618	1.33957	0.800453	2.39467	0.203934	2.07309	1
68	1.47618	1.33957	0.800453	2.39467	0.970018	2.07309	1
69	1.47618	1.33957	0.800453	2.39467	1.7361	2.07309	1
70	1.47618	1.33957	0.800453	2.39467	2.50219	2.07309	1
71	1.47618	1.33957	2.18919	0.418553	0.203934	0.740391	1
72	1.47618	1.33957	2.18919	0.418553	1.7361	2.07309	1
73	1.47618	1.33957	2.18919	0.418553	2.50219	0.740391	1
74	1.47618	1.33957	2.18919	0.418553	2.50219	2.07309	1
75	1.47618	1.33957	2.18919	1.40661	0.970018	0.740391	1
76	1.47618	1.33957	2.18919	2.39467	2.50219	0.740391	1
77	1.47618	2.29767	0.800453	0.418553	0.203934	0.740391	1
78	1.47618	2.29767	0.800453	1.40661	0.203934	0.740391	1
79	1.47618	2.29767	0.800453	1.40661	1.7361	0.740391	0
80	1.47618	2.29767	0.800453	2.39467	0.203934	2.07309	1
81	1.47618	2.29767	0.800453	2.39467	1.7361	0.740391	0
82	1.47618	2.29767	0.800453	2.39467	2.50219	2.07309	0
83	1.47618	2.29767	2.18919	0.418553	1.7361	2.07309	0
84	1.47618	2.29767	2.18919	1.40661	0.203934	0.740391	1
85	1.47618	2.29767	2.18919	1.40661	0.203934	2.07309	1
86	1.47618	2.29767	2.18919	1.40661	0.970018	0.740391	0
87	1.47618	2.29767	2.18919	2.39467	1.7361	2.07309	0
88	2.49815	0.381467	0.800453	0.418553	0.203934	0.740391	1
89	2.49815	0.381467	0.800453	0.418553	0.203934	2.07309	1
90	2.49815	0.381467	0.800453	1.40661	0.203934	0.740391	1
91	2.49815	0.381467	0.800453	1.40661	0.970018	2.07309	0
92	2.49815	0.381467	0.800453	2.39467	0.970018	2.07309	0
93	2.49815	0.381467	2.18919	0.418553	0.203934	0.740391	1
94	2.49815	0.381467	2.18919	0.418553	0.970018	2.07309	0
95	2.49815	0.381467	2.18919	1.40661	0.970018	2.07309	0
96	2.49815	0.381467	2.18919	1.40661	1.7361	2.07309	0
97	2.49815	0.381467	2.18919	2.39467	0.970018	2.07309	0
98	2.49815	1.33957	0.800453	0.418553	0.203934	0.740391	1
99	2.49815	1.33957	0.800453	0.418553	2.50219	2.07309	0
100	2.49815	1.33957	0.800453	1.40661	0.203934	2.07309	1
101	2.49815	1.33957	0.800453	1.40661	2.50219	2.07309	0
102	2.49815	1.33957	2.18919	0.418553	0.203934	0.740391	1
103	2.49815	1.33957	2.18919	0.418553	0.203934	2.07309	1
104	2.49815	1.33957	2.18919	0.418553	1.7361	2.07309	0
105	2.49815	1.33957	2.18919	2.39467	0.203934	0.740391	1
106	2.49815	1.33957	2.18919	2.39467	0.970018	0.740391	0
107	2.49815	1.33957	2.18919	2.39467	2.50219	0.740391	0
108	2.49815	2.29767	0.800453	0.418553	0.203934	0.740391	1
109	2.49815	2.29767	0.800453	0.418553	0.970018	0.740391	1
110	2.49815	2.29767	0.800453	0.418553	2.50219	2.07309	1
111	2.49815	2.29767	0.800453	1.40661	1.7361	2.07309	1
112	2.49815	2.29767	0.800453	1.40661	2.50219	2.07309	1
113	2.49815	2.29767	0.800453	2.39467	0.203934	2.07309	1
114	2.49815	2.29767	0.800453	2.39467	0.970018	0.740391	1
115	2.49815	2.29767	0.800453	2.39467	0.970018	2.07309	1
116	2.49815	2.29767	0.800453	2.39467	2.50219	2.07309	1
117	2.49815	2.29767	2.18919	0.418553	0.203934	0.740391	1
118	2.49815	2.29767	2.18919	0.418553	1.7361	2.07309	1
119	2.49815	2.29767	2.18919	0.418553	2.50219	0.740391	1
120	2.49815	2.29767	2.18919	0.418553	2.50219	2.07309	1
121	2.49815	2.29767	2.18919	2.39467	0.203934	2.07309	1
122	2.49815	2.29767	2.18919	2.39467	0.970018	2.07309	1
123	2.49815	2.29767	2.18919	2.39467	1.7361	2.07309	1
124	2.49815	2.29767	2.18919	2.39467	2.50219	2.07309	1
125	-1.22333	-1.22333	-0.998842	-1.22333	-1.34009	-0.998842	1
126	-1.22333	-1.22333	-0.998842	-1.22333	-1.34009	0.998842	1
127	-1.22333	-1.22333	-0.998842	-1.22333	-0.446696	-0.998842	1
128	-1.22333	-1.22333	-0.998842	-1.22333	-0.446696	0.998842	1
129	-1.22333	-1.22333	-0.998842	-1.22333	0.446696	-0.998842	1
130	-1.22333	-1.22333	-0.998842	-1.22333	0.446696	0.998842	1
131	-1.22333	-1.22333	-0.998842	-1.22333	1.34009	-0.998842	1
132	-1.22333	-1.22333	-0.998842	-1.22333	1.34009	0.998842	1
133	-1.22333	-1.22333	-0.998842	0	-1.34009	-0.998842	1
134	-1.22333	-1.22333	-0.998842	0	-1.34009	0.998842	1
135	-1.22333	-1.22333	-0.998842	0	-0.446696	-0.998842	1
136	-1.22333	-1.22333	-0.998842	0	-0.446696	0.998842	1
137	-1.22333	-1.22333	-0.998842	0	0.446696	-0.998842	1
138	-1.22333	-1.22333	-0.998842	0	0.446696	0.998842	1
139	-1.22333	-1.22333	-0.998842	0	1.34009	-0.998842	1
140	-1.22333	-1.22333	-0.998842	0	1.34009	0.998842	1
141	-1.22333	-1.22333	-0.998842	1.22333	-1.34009	-0.998842	1
142	-1.22333	-1.22333	-0.998842	1.22333	-1.34009	0.998842	1
143	-1.22333	-1.22333	-0.998842	1.22333	-0.446696	-0.998842	1
144	-1.22333	-1.22333	-0.998842	1.22333	-0.446696	0.998842	1
145	-1.22333	-1.22333	-0.998842	1.22333	0.446696	-0.998842	1
146	-1.22333	-1.22333	-0.998842	1.22333	0.446696	0.998842	1
147	-1.22333	-1.22333	-0.998842	1.22333	1.34009	-0.998842	1
148	-1.22333	-1.22333	-0.998842	1.22333	1.34009	0.998842	1
149	-1.22333	-1.22333	0.998842	-1.22333	-1.34009	-0.998842	1
150	-1.22333	-1.22333	0.998842	-1.22333	-1.34009	0.998842	1
151	-1.22333	-1.22333	0.998842	-1.22333	-0.446696	-0.998842	1
152	-1.22333	-1.22333	0.998842	-1.22333	-0.446696	0.998842	1
153	-1.22333	-1.22333	0.998842	-1.22333	0.446696	-0.998842	1
154	-1.22333	-1.22333	0.998842	-1.22333	0.446696	0.998842	1
155	-1.22333	-1.22333	0.998842	-1.22333	1.34009	-0.998842	1
156	-1.22333	-1.22333	0.998842	-1.22333	1.34009	0.998842	1
157	-1.22333	-1.22333	0.998842	0	-1.34009	-0.998842	1
158	-1.22333	-1.22333	0.998842	0	-1.34009	0.998842	1
159	-1.22333	-1.22333	0.998842	0	-0.446696	-0.998842	1
160	-1.22333	-1.22333	0.998842	0	-0.446696	0.998842	1
161	-1.22333	-1.22333	0.998842	0	0.446696	-0.998842	1
162	-1.22333	-1.22333	0.998842	0	0.446696	0.998842	1
163	-1.22333	-1.22333	0.998842	0	1.34009	-0.998842	1
164	-1.22333	-1.22333	0.998842	0	1.34009	0.998842	1
165	-1.22333	-1.22333	0.998842	1.22333	-1.34009	-0.998842	1
166	-1.22333	-1.22333	0.998842	1.22333	-1.34009	0.998842	1
167	-1.22333	-1.22333	0.998842	1.22333	-0.446696	-0.998842	1
168	-1.22333	-1.22333	0.998842	1.22333	-0.446696	0.998842	1
169	-1.22333	-1.22333	0.998842	1.22333	0.446696	-0.998842	1
170	-1.22333	-1.22333	0.998842	1.22333	0.446696	0.998842	1
171	-1.22333	-1.22333	0.998842	1.22333	1.34009	-0.998842	1
172	-1.22333	-1.22333	0.998842	1.22333	1.34009	0.998842	1
173	-1.22333	0	-0.998842	-1.22333	-1.34009	-0.998842	1
174	-1.22333	0	-0.998842	-1.22333	-1.34009	0.998842	1
175	-1.22333	0	-0.998842	-1.22333	-0.446696	-0.998842	0
176	-1.22333	0	-0.998842	-1.22333	-0.446696	0.998842	0
177	-1.22333	0	-0.998842	-1.22333	0.446696	-0.998842	0
178	-1.22333	0	-0.998842	-1.22333	0.446696	0.998842	0
179	-1.22333	0	-0.998842	-1.22333	1.34009	-0.998842	0
180	-1.22333	0	-0.998842	-1.22333	1.34009	0.998842	0
181	-1.22333	0	-0.998842	0	-1.34009	-0.998842	1
182	-1.22333	0	-0.998842	0	-1.34009	0.998842	1
183	-1.22333	0	-0.998842	0	-0.446696	-0.998842	0
184	-1.22333	0	-0.998842	0	-0.446696	0.998842	0
185	-1.22333	0	-0.998842	0	0.446696	-0.998842	0
186	-1.22333	0	-0.998842	0	0.446696	0.998842	0
187	-1.22333	0	-0.998842	0	1.34009	-0.998842	0
188	-1.22333	0	-0.998842	0	1.34009	0.998842	0
189	-1.22333	0	-0.998842	1.22333	-1.34009	-0.998842	1
190	-1.22333	0	-0.998842	1.22333	-1.34009	0.998842	1
191	-1.22333	0	-0.998842	1.22333	-0.446696	-0.998842	0
192	-1.22333	0	-0.998842	1.22333	-0.446696	0.998842	0
193	-1.22333	0	-0.998842	1.22333	0.446696	-0.998842	0
194	-1.22333	0	-0.998842	1.22333	0.446696	0.998842	0
195	-1.22333	0	-0.998842	1.22333	1.34009	-0.998842	0
196	-1.22333	0	-0.998842	1.22333	1.34009	0.998842	0
197	-1.22333	0	0.998842	-1.22333	-1.34009	-0.998842	1
198	-1.22333	0	0.998842	-1.22333	-1.34009	0.998842	1
199	-1.22333	0	0.998842	-1.22333	-0.446696	-0.998842	0
200	-1.22333	0	0.998842	-1.22333	-0.446696	0.998842	0
201	-1.22333	0	0.998842	-1.22333	0.446696	-0.998842	0
202	-1.22333	0	0.998842	-1.22333	0.446696	0.998842	0
203	-1.22333	0	0.998842	-1.22333	1.34009	-0.998842	0
204	-1.22333	0	0.998842	-1.22333	1.34009	0.998842	0
205	-1.22333	0	0.998842	0	-1.34009	-0.998842	1
206	-1.22333	0	0.998842	0	-1.34009	0.998842	1
207	-1.22333	0	0.998842	0	-0.446696	-0.998842	0
208	-1.22333	0	0.998842	0	-0.446696	0.998842	0
209	-1.22333	0	0.998842	0	0.446696	-0.998842	0
210	-1.22333	0	0.998842	0	0.446696	0.998842	0
211	-1.22333	0	0.998842	0	1.34009	-0.998842	0
212	-1.22333	0	0.998842	0	1.34009	0.998842	0
213	-1.22333	0	0.998842	1.22333	-1.34009	-0.998842	1
214	-1.22333	0	0.998842	1.22333	-1.34009	0.998842	1
215	-1.22333	0	0.998842	1.22333	-0.446696	-0.998842	0
216	-1.22333	0	0.998842	1.22333	-0.446696	0.998842	0
217	-1.22333	0	0.998842	1.22333	0.446696	-0.998842	0
218	-1.22333	0	0.998842	1.22333	0.446696	0.998842	0
219	-1.22333	0	0.998842	1.22333	1.34009	-0.998842	0
220	-1.22333	0	0.998842	1.22333	1.34009	0.998842	0
221	-1.22333	1.22333	-0.998842	-1.22333	-1.34009	-0.998842	1
222	-1.22333	1.22333	-0.998842	-1.22333	-1.34009	0.998842	1
223	-1.22333	1.22333	-0.998842	-1.22333	-0.446696	-0.998842	0
224	-1.22333	1.22333	-0.998842	-1.22333	-0.446696	0.998842	0
225	-1.22333	1.22333	-0.998842	-1.22333	0.446696	-0.998842	0
226	-1.22333	1.22333	-0.998842	-1.22333	0.446696	0.998842	0
227	-1.22333	1.22333	-0.998842	-1.22333	1.34009	-0.998842	0
228	-1.22333	1.22333	-0.998842	-1.22333	1.34009	0.998842	0
229	-1.22333	1.22333	-0.998842	0	-1.34009	-0.998842	1
230	-1.22333	1.22333	-0.998842	0	-1.34009	0.998842	1
231	-1.22333	1.22333	-0.998842	0	-0.446696	-0.998842	0
232	-1.22333	1.22333	-0.998842	0	-0.446696	0.998842	0
233	-1.22333	1.22333	-0.998842	0	0.446696	-0.998842	0
234	-1.22333	1.22333	-0.998842	0	0.446696	0.998842	0
235	-1.22333	1.22333	-0.998842	0	1.34009	-0.998842	0
236	-1.22333	1.22333	-0.998842	0	1.34009	0.998842	0
237	-1.22333	1.22333	-0.998842	1.22333	-1.34009	-0.998842	1
238	-1.22333	1.22333	-0.998842	1.22333	-1.34009	0.998842	1
239	-1.22333	1.22333	-0.998842	1.22333	-0.446696	-0.998842	0
240	-1.22333	1.22333	-0.998842	1.22333	-0.446696	0.998842	0
241	-1.22333	1.22333	-0.998842	1.22333	0.446696	-0.998842	0
242	-1.22333	1.22333	-0.998842	1.22333	0.446696	0.998842	0
243	-1.22333	1.22333	-0.998842	1.22333	1.34009	-0.998842	0
244	-1.22333	1.22333	-0.998842	1.22333	1.34009	0.998842	0
245	-1.22333	1.22333	0.998842	-1.22333	-1.34009	-0.998842	1
246	-1.22333	1.22333	0.998842	-1.22333	-1.34009	0.998842	1
247	-1.22333	1.22333	0.998842	-1.22333	-0.446696	-0.998842	0
248	-1.22333	1.22333	0.998842	-1.22333	-0.446696	0.998842	0
249	-1.22333	1.22333	0.998842	-1.22333	0.446696	-0.998842	0
250	-1.22333	1.22333	0.998842	-1.22333	0.446696	0.998842	0
251	-1.22333	1.22333	0.998842	-1.22333	1.34009	-0.998842	0
252	-1.22333	1.22333	0.998842	-1.22333	1.34009	0.998842	0
253	-1.22333	1.22333	0.998842	0	-1.34009	-0.998842	1
254	-1.22333	1.22333	0.998842	0	-1.34009	0.998842	1
255	-1.22333	1.22333	0.998842	0	-0.446696	-0.998842	0
256	-1.22333	1.22333	0.998842	0	-0.446696	0.998842	0
257	-1.22333	1.22333	0.998842	0	0.446696	-0.998842	0
258	-1.22333	1.22333	0.998842	0	0.446696	0.998842	0
259	-1.22333	1.22333	0.998842	0	1.34009	-0.998842	0
260	-1.22333	1.22333	0.998842	0	1.34009	0.998842	0
261	-1.22333	1.22333	0.998842	1.22333	-1.34009	-0.998842	1
262	-1.22333	1.22333	0.998842	1.22333	-1.34009	0.998842	1
263	-1.22333	1.22333	0.998842	1.22333	-0.446696	-0.998842	0
264	-1.22333	1.22333	0.998842	1.22333	-0.446696	0.998842	0
265	-1.22333	1.22333	0.998842	1.22333	0.446696	-0.998842	0
266	-1.22333	1.22333	0.998842	1.22333	0.446696	0.998842	0
267	-1.22333	1.22333	0.998842	1.22333	1.34009	-0.998842	0
268	-1.22333	1.22333	0.998842	1.22333	1.34009	0.998842	0
269	0	-1.22333	-0.998842	-1.22333	-1.34009	-0.998842	1
270	0	-1.22333	-0.998842	-1.22333	-1.34009	0.998842	1
271	0	-1.22333	-0.998842	-1.22333	-0.446696	-0.998842	0
272	0	-1.22333	-0.998842	-1.22333	-0.446696	0.998842	0
273	0	-1.22333	-0.998842	-1.22333	0.446696	-0.998842	0
274	0	-1.22333	-0.998842	-1.22333	0.446696	0.998842	0
275	0	-1.22333	-0.998842	-1.22333	1.34009	-0.998842	0
276	0	-1.22333	-0.998842	-1.22333	1.34009	0.998842	0
277	0	-1.22333	-0.998842	0	-1.34009	-0.998842	1
278	0	-1.22333	-0.998842	0	-1.34009	0.998842	1
279	0	-1.22333	-0.998842	0	-0.446696	-0.998842	0
280	0	-1.22333	-0.998842	0	-0.446696	0.998842	0
281	0	-1.22333	-0.998842	0	0.446696	-0.998842	0
282	0	-1.22333	-0.998842	0	0.446696	0.998842	0
283	0	-1.22333	-0.998842	0	1.34009	-0.998842	0
284	0	-1.22333	-0.998842	0	1.34009	0.998842	0
285	0	-1.22333	-0.998842	1.22333	-1.34009	-0.998842	1
286	0	-1.22333	-0.998842	1.22333	-1.34009	0.998842	1
287	0	-1.22333	-0.998842	1.22333	-0.446696	-0.998842	0
288	0	-1.22333	-0.998842	1.22333	-0.446696	0.998842	0
289	0	-1.22333	-0.998842	1.22333	0.446696	-0.998842	0
290	0	-1.22333	-0.998842	1.22333	0.446696	0.998842	0
291	0	-1.22333	-0.998842	1.22333	1.34009	-0.998842	0
292	0	-1.22333	-0.998842	1.22333	1.34009	0.998842	0
293	0	-1.22333	0.998842	-1.22333	-1.34009	-0.998842	1
294	0	-1.22333	0.998842	-1.22333	-1.34009	0.998842	1
295	0	-1.22333	0.998842	-1.22333	-0.446696	-0.998842	0
296	0	-1.22333	0.998842	-1.22333	-0.446696	0.998842	0
297	0	-1.22333	0.998842	-1.22333	0.446696	-0.998842	0
298	0	-1.22333	0.998842	-1.22333	0.446696	0.998842	0
299	0	-1.22333	0.998842	-1.22333	1.34009	-0.998842	0
300	0	-1.22333	0.998842	-1.22333	1.34009	0.998842	0
301	0	-1.22333	0.998842	0	-1.34009	-0.998842	1
302	0	-1.22333	0.998842	0	-1.34009	0.998842	1
303	0	-1.22333	0.998842	0	-0.446696	-0.998842	0
304	0	-1.22333	0.998842	0	-0.446696	0.998842	0
305	0	-1.22333	0.998842	0	0.446696	-0.998842	0
306	0	-1.22333	0.998842	0	0.446696	0.998842	0
307	0	-1.22333	0.998842	0	1.34009	-0.998842	0
308	0	-1.22333	0.998842	0	1.34009	0.998842	0
309	0	-1.22333	0.998842	1.22333	-1.34009	-0.998842	1
310	0	-1.22333	0.998842	1.22333	-1.34009	0.998842	1
311	0	-1.22333	0.998842	1.22333	-0.446696	-0.998842	0
312	0	-1.22333	0.998842	1.22333	-0.446696	0.998842	0
313	0	-1.22333	0.998842	1.22333	0.446696	-0.998842	0
314	0	-1.22333	0.998842	1.22333	0.446696	0.998842	0
315	0	-1.22333	0.998842	1.22333	1.34009	-0.998842	0
316	0	-1.22333	0.998842	1.22333	1.34009	0.998842	0
317	0	0	-0.998842	-1.22333	-1.34009	-0.998842	1
318	0	0	-0.998842	-1.22333	-1.34009	0.998842	1
319	0	0	-0.998842	-1.22333	-0.446696	-0.998842	1
320	0	0	-0.998842	-1.22333	-0.446696	0.998842	1
321	0	0	-0.998842	-1.22333	0.446696	-0.998842	1
322	0	0	-0.998842	-1.22333	0.446696	0.998842	1
323	0	0	-0.998842	-1.22333	1.34009	-0.998842	1
324	0	0	-0.998842	-1.22333	1.34009	0.998842	1
325	0	0	-0.998842	0	-1.34009	-0.998842	1
326	0	0	-0.998842	0	-1.34009	0.998842	1
327	0	0	-0.998842	0	-0.446696	-0.998842	1
328	0	0	-0.998842	0	-0.446696	0.998842	1
329	0	0	-0.998842	0	0.446696	-0.998842	1
330	0	0	-0.998842	0	0.446696	0.998842	1
331	0	0	-0.998842	0	1.34009	-0.998842	1
332	0	0	-0.998842	0	1.34009	0.998842	1
333	0	0	-0.998842	1.22333	-1.34009	-0.998842	1
334	0	0	-0.998842	1.22333	-1.34009	0.998842	1
335	0	0	-0.998842	1.22333	-0.446696	-0.998842	1
336	0	0	-0.998842	1.22333	-0.446696	0.998842	1
337	0	0	-0.998842	1.22333	0.446696	-0.998842	1
338	0	0	-0.998842	1.22333	0.446696	0.998842	1
339	0	0	-0.998842	1.22333	1.34009	-0.998842	1
340	0	0	-0.998842	1.22333	1.34009	0.998842	1
341	0	0	0.998842	-1.22333	-1.34009	-0.998842	1
342	0	0	0.998842	-1.22333	-1.34009	0.998842	1
343	0	0	0.998842	-1.22333	-0.446696	-0.998842	1
344	0	0	0.998842	-1.22333	-0.446696	0.998842	1
345	0	0	0.998842	-1.22333	0.446696	-0.998842	1
346	0	0	0.998842	-1.22333	0.446696	0.998842	1
347	0	0	0.998842	-1.22333	1.34009	-0.998842	1
348	0	0	0.998842	-1.22333	1.34009	0.998842	1
349	0	0	0.998842	0	-1.34009	-0.998842	1
350	0	0	0.998842	0	-1.34009	0.998842	1
351	0	0	0.998842	0	-0.446696	-0.998842	1
352	0	0	0.998842	0	-0.446696	0.998842	1
353	0	0	0.998842	0	0.446696	-0.998842	1
354	0	0	0.998842	0	0.446696	0.998842	1
355	0	0	0.998842	0	1.34009	-0.998842	1
356	0	0	0.998842	0	1.34009	0.998842	1
357	0	0	0.998842	1.22333	-1.34009	-0.998842	1
358	0	0	0.998842	1.22333	-1.34009	0.998842	1
359	0	0	0.998842	1.22333	-0.446696	-0.998842	1
360	0	0	0.998842	1.22333	-0.446696	0.998842	1
361	0	0	0.998842	1.22333	0.446696	-0.998842	1
362	0	0	0.998842	1.22333	0.446696	0.998842	1
363	0	0	0.998842	1.22333	1.34009	-0.998842	1
364	0	0	0.998842	1.22333	1.34009	0.998842	1
365	0	1.22333	-0.998842	-1.22333	-1.34009	-0.998842	1
366	0	1.22333	-0.998842	-1.22333	-1.34009	0.998842	1
367	0	1.22333	-0.998842	-1.22333	-0.446696	-0.998842	0
368	0	1.22333	-0.998842	-1.22333	-0.446696	0.998842	0
369	0	1.22333	-0.998842	-1.22333	0.446696	-0.998842	0
370	0	1.22333	-0.998842	-1.22333	0.446696	0.998842	0
371	0	1.22333	-0.998842	-1.22333	1.34009	-0.998842	0
372	0	1.22333	-0.998842	-1.22333	1.34009	0.998842	0
373	0	1.22333	-0.998842	0	-1.34009	-0.998842	1
374	0	1.22333	-0.998842	0	-1.34009	0.998842	1
375	0	1.22333	-0.998842	0	-0.446696	-0.998842	0
376	0	1.22333	-0.998842	0	-0.446696	0.998842	0
377	0	1.22333	-0.998842	0	0.446696	-0.998842	0
378	0	1.22333	-0.998842	0	0.446696	0.998842	0
379	0	1.22333	-0.998842	0	1.34009	-0.998842	0
380	0	1.22333	-0.998842	0	1.34009	0.998842	0
381	0	1.22333	-0.998842	1.22333	-1.34009	-0.998842	1
382	0	1.22333	-0.998842	1.22333	-1.34009	0.998842	1
383	0	1.22333	-0.998842	1.22333	-0.446696	-0.998842	0
384	0	1.22333	-0.998842	1.22333	-0.446696	0.998842	0
385	0	1.22333	-0.998842	1.22333	0.446696	-0.998842	0
386	0	1.22333	-0.998842	1.22333	0.446696	0.998842	0
387	0	1.22333	-0.998842	1.22333	1.34009	-0.998842	0
388	0	1.22333	-0.998842	1.22333	1.34009	0.998842	0
389	0	1.22333	0.998842	-1.22333	-1.34009	-0.998842	1
390	0	1.22333	0.998842	-1.22333	-1.34009	0.998842	1
391	0	1.22333	0.998842	-1.22333	-0.446696	-0.998842	0
392	0	1.22333	0.998842	-1.22333	-0.446696	0.998842	0
393	0	1.22333	0.998842	-1.22333	0.446696	-0.998842	0
394	0	1.22333	0.998842	-1.22333	0.446696	0.998842	0
395	0	1.22333	0.998842	-1.22333	1.34009	-0.998842	0
396	0	1.22333	0.998842	-1.22333	1.34009	0.998842	0
397	0	1.22333	0.998842	0	-1.34009	-0.998842	1
398	0	1.22333	0.998842	0	-1.34009	0.998842	1
399	0	1.22333	0.998842	0	-0.446696	-0.998842	0
400	0	1.22333	0.998842	0	-0.446696	0.998842	0
401	0	1.22333	0.998842	0	0.446696	-0.998842	0
402	0	1.22333	0.998842	0	0.446696	0.998842	0
403	0	1.22333	0.998842	0	1.34009	-0.998842	0
404	0	1.22333	0.998842	0	1.34009	0.998842	0
405	0	1.22333	0.998842	1.22333	-1.34009	-0.998842	1
406	0	1.22333	0.998842	1.22333	-1.34009	0.998842	1
407	0	1.22333	0.998842	1.22333	-0.446696	-0.998842	0
408	0	1.22333	0.998842	1.22333	-0.446696	0.998842	0
409	0	1.22333	0.998842	1.22333	0.446696	-0.998842	0
410	0	1.22333	0.998842	1.22333	0.446696	0.998842	0
411	0	1.22333	0.998842	1.22333	1.34009	-0.998842	0
412	0	1.22333	0.998842	1.22333	1.34009	0.998842	0
413	1.22333	-1.22333	-0.998842	-1.22333	-1.34009	-0.998842	1
414	1.22333	-1.22333	-0.998842	-1.22333	-1.34009	0.998842	1
415	1.22333	-1.22333	-0.998842	-1.22333	-0.446696	-0.998842	0
416	1.22333	-1.22333	-0.998842	-1.22333	-0.446696	0.998842	0
417	1.22333	-1.22333	-0.998842	-1.22333	0.446696	-0.998842	0
418	1.22333	-1.22333	-0.998842	-1.22333	0.446696	0.998842	0
419	1.22333	-1.22333	-0.998842	-1.22333	1.34009	-0.998842	0
420	1.22333	-1.22333	-0.998842	-1.22333	1.34009	0.998842	0
421	1.22333	-1.22333	-0.998842	0	-1.34009	-0.998842	1
422	1.22333	-1.22333	-0.998842	0	-1.34009	0.998842	1
423	1.22333	-1.22333	-0.998842	0	-0.446696	-0.998842	0
424	1.22333	-1.22333	-0.998842	0	-0.446696	0.998842	0
425	1.22333	-1.22333	-0.998842	0	0.446696	-0.998842	0
426	1.22333	-1.22333	-0.998842	0	0.446696	0.998842	0
427	1.22333	-1.22333	-0.998842	0	1.34009	-0.998842	0
428	1.22333	-1.22333	-0.998842	0	1.34009	0.998842	0
429	1.22333	-1.22333	-0.998842	1.22333	-1.34009	-0.998842	1
430	1.22333	-1.22333	-0.998842	1.22333	-1.34009	0.998842	1
431	1.22333	-1.22333	-0.998842	1.22333	-0.446696	-0.998842	0
432	1.22333	-1.22333	-0.998842	1.22333	-0.446696	0.998842	0
433	1.22333	-1.22333	-0.998842	1.22333	0.446696	-0.998842	0
434	1.22333	-1.22333	-0.998842	1.22333	0.446696	0.998842	0
435	1.22333	-1.22333	-0.998842	1.22333	1.34009	-0.998842	0
436	1.22333	-1.22333	-0.998842	1.22333	1.34009	0.998842	0
437	1.22333	-1.22333	0.998842	-1.22333	-1.34009	-0.998842	1
438	1.22333	-1.22333	0.998842	-1.22333	-1.34009	0.998842	1
439	1.22333	-1.22333	0.998842	-1.22333	-0.446696	-0.998842	0
440	1.22333	-1.22333	0.998842	-1.22333	-0.446696	0.998842	0
441	1.22333	-1.22333	0.998842	-1.22333	0.446696	-0.998842	0
442	1.22333	-1.22333	0.998842	-1.22333	0.446696	0.998842	0
443	1.22333	-1.22333	0.998842	-1.22333	1.34009	-0.998842	0
444	1.22333	-1.22333	0.998842	-1.22333	1.34009	0.998842	0
445	1.22333	-1.22333	0.998842	0	-1.34009	-0.998842	1
446	1.22333	-1.22333	0.998842	0	-1.34009	0.998842	1
447	1.22333	-1.22333	0.998842	0	-0.446696	-0.998842	0
448	1.22333	-1.22333	0.998842	0	-0.446696	0.998842	0
449	1.22333	-1.22333	0.998842	0	0.446696	-0.998842	0
450	1.22333	-1.22333	0.998842	0	0.446696	0.998842	0
451	1.22333	-1.22333	0.998842	0	1.34009	-0.998842	0
452	1.22333	-1.22333	0.998842	0	1.34009	0.998842	0
453	1.22333	-1.22333	0.998842	1.22333	-1.34009	-0.998842	1
454	1.22333	-1.22333	0.998842	1.22333	-1.34009	0.998842	1
455	1.22333	-1.22333	0.998842	1.22333	-0.446696	-0.998842	0
456	1.22333	-1.22333	0.998842	1.22333	-0.446696	0.998842	0
457	1.22333	-1.22333	0.998842	1.22333	0.446696	-0.998842	0
458	1.22333	-1.22333	0.998842	1.22333	0.446696	0.998842	0
459	1.22333	-1.22333	0.998842	1.22333	1.34009	-0.998842	0
460	1.22333	-1.22333	0.998842	1.22333	1.34009	0.998842	0
461	1.22333	0	-0.998842	-1.22333	-1.34009	-0.998842	1
462	1.22333	0	-0.998842	-1.22333	-1.34009	0.998842	1
463	1.22333	0	-0.998842	-1.22333	-0.446696	-0.998842	0
464	1.22333	0	-0.998842	-1.22333	-0.446696	0.998842	0
465	1.22333	0	-0.998842	-1.22333	0.446696	-0.998842	0
466	1.22333	0	-0.998842	-1.22333	0.446696	0.998842	0
467	1.22333	0	-0.998842	-1.22333	1.34009	-0.998842	0
468	1.22333	0	-0.998842	-1.22333	1.34009	0.998842	0
469	1.22333	0	-0.998842	0	-1.34009	-0.998842	1
470	1.22333	0	-0.998842	0	-1.34009	0.998842	1
471	1.22333	0	-0.998842	0	-0.446696	-0.998842	0
472	1.22333	0	-0.998842	0	-0.446696	0.998842	0
473	1.22333	0	-0.998842	0	0.446696	-0.998842	0
474	1.22333	0	-0.998842	0	0.446696	0.998842	0
475	1.22333	0	-0.998842	0	1.34009	-0.998842	0
476	1.22333	0	-0.998842	0	1.34009	0.998842	0
477	1.22333	0	-0.998842	1.22333	-1.34009	-0.998842	1
478	1.22333	0	-0.998842	1.22333	-1.34009	0.998842	1
479	1.22333	0	-0.998842	1.22333	-0.446696	-0.998842	0
480	1.22333	0	-0.998842	1.22333	-0.446696	0.998842	0
481	1.22333	0	-0.998842	1.22333	0.446696	-0.998842	0
482	1.22333	0	-0.998842	1.22333	0.446696	0.998842	0
483	1.22333	0	-0.998842	1.22333	1.34009	-0.998842	0
484	1.22333	0	-0.998842	1.22333	1.34009	0.998842	0
485	1.22333	0	0.998842	-1.22333	-1.34009	-0.998842	1
486	1.22333	0	0.998842	-1.22333	-1.34009	0.998842	1
487	1.22333	0	0.998842	-1.22333	-0.446696	-0.998842	0
488	1.22333	0	0.998842	-1.22333	-0.446696	0.998842	0
489	1.22333	0	0.998842	-1.22333	0.446696	-0.998842	0
490	1.22333	0	0.998842	-1.22333	0.446696	0.998842	0
491	1.22333	0	0.998842	-1.22333	1.34009	-0.998842	0
492	1.22333	0	0.998842	-1.22333	1.34009	0.998842	0
493	1.22333	0	0.998842	0	-1.34009	-0.998842	1
494	1.22333	0	0.998842	0	-1.34009	0.998842	1
495	1.22333	0	0.998842	0	-0.446696	-0.998842	0
496	1.22333	0	0.998842	0	-0.446696	0.998842	0
497	1.22333	0	0.998842	0	0.446696	-0.998842	0
498	1.22333	0	0.998842	0	0.446696	0.998842	0
499	1.22333	0	0.998842	0	1.34009	-0.998842	0
500	1.22333	0	0.998842	0	1.34009	0.998842	0
501	1.22333	0	0.998842	1.22333	-1.34009	-0.998842	1
502	1.22333	0	0.998842	1.22333	-1.34009	0.998842	1
503	1.22333	0	0.998842	1.22333	-0.446696	-0.998842	0
504	1.22333	0	0.998842	1.22333	-0.446696	0.998842	0
505	1.22333	0	0.998842	1.22333	0.446696	-0.998842	0
506	1.22333	0	0.998842	1.22333	0.446696	0.998842	0
507	1.22333	0	0.998842	1.22333	1.34009	-0.998842	0
508	1.22333	0	0.998842	1.22333	1.34009	0.998842	0
509	1.22333	1.22333	-0.998842	-1.22333	-1.34009	-0.998842	1
510	1.22333	1.22333	-0.998842	-1.22333	-1.34009	0.998842	1
511	1.22333	1.22333	-0.998842	-1.22333	-0.446696	-0.998842	1
512	1.22333	1.22333	-0.998842	-1.22333	-0.446696	0.998842	1
513	1.22333	1.22333	-0.998842	-1.22333	0.446696	-0.998842	1
514	1.22333	1.22333	-0.998842	-1.22333	0.446696	0.998842	1
515	1.22333	1.22333	-0.998842	-1.22333	1.34009	-0.998842	1
516	1.22333	1.22333	-0.998842	-1.22333	1.34009	0.998842	1
517	1.22333	1.22333	-0.998842	0	-1.34009	-0.998842	1
518	1.22333	1.22333	-0.998842	0	-1.34009	0.998842	1
519	1.22333	1.22333	-0.998842	0	-0.446696	-0.998842	1
520	1.22333	1.22333	-0.998842	0	-0.446696	0.998842	1
521	1.22333	1.22333	-0.998842	0	0.446696	-0.998842	1
522	1.22333	1.22333	-0.998842	0	0.446696	0.998842	1
523	1.22333	1.22333	-0.998842	0	1.34009	-0.998842	1
524	1.22333	1.22333	-0.998842	0	1.34009	0.998842	1
525	1.22333	1.22333	-0.998842	1.22333	-1.34009	-0.998842	1
526	1.22333	1.22333	-0.998842	1.22333	-1.34009	0.998842	1
527	1.22333	1.22333	-0.998842	1.22333	-0.446696	-0.998842	1
528	1.22333	1.22333	-0.998842	1.22333	-0.446696	0.998842	1
529	1.22333	1.22333	-0.998842	1.22333	0.446696	-0.998842	1
530	1.22333	1.22333	-0.998842	1.22333	0.446696	0.998842	1
531	1.22333	1.22333	-0.998842	1.22333	1.34009	-0.998842	1
532	1.22333	1.22333	-0.998842	1.22333	1.34009	0.998842	1
533	1.22333	1.22333	0.998842	-1.22333	-1.34009	-0.998842	1
534	1.22333	1.22333	0.998842	-1.22333	-1.34009	0.998842	1
535	1.22333	1.22333	0.998842	-1.22333	-0.446696	-0.998842	1
536	1.22333	1.22333	0.998842	-1.22333	-0.446696	0.998842	1
537	1.22333	1.22333	0.998842	-1.22333	0.446696	-0.998842	1
538	1.22333	1.22333	0.998842	-1.22333	0.446696	0.998842	1
539	1.22333	1.22333	0.998842	-1.22333	1.34009	-0.998842	1
540	1.22333	1.22333	0.998842	-1.22333	1.34009	0.998842	1
541	1.22333	1.22333	0.998842	0	-1.34009	-0.998842	1
542	1.22333	1.22333	0.998842	0	-1.34009	0.998842	1
543	1.22333	1.22333	0.998842	0	-0.446696	-0.998842	1
544	1.22333	1.22333	0.998842	0	-0.446696	0.998842	1
545	1.22333	1.22333	0.998842	0	0.446696	-0.998842	1
546	1.22333	1.22333	0.998842	0	0.446696	0.998842	1
547	1.22333	1.22333	0.998842	0	1.34009	-0.998842	1
548	1.22333	1.22333	0.998842	0	1.34009	0.998842	1
549	1.22333	1.22333	0.998842	1.22333	-1.34009	-0.998842	1
550	1.22333	1.22333	0.998842	1.22333	-1.34009	0.998842	1
551	1.22333	1.22333	0.998842	1.22333	-0.446696	-0.998842	1
552	1.22333	1.22333	0.998842	1.22333	-0.446696	0.998842	1
553	1.22333	1.22333	0.998842	1.22333	0.446696	-0.998842	1
554	1.22333	1.22333	0.998842	1.22333	0.446696	0.998842	1
555	1.22333	1.22333	0.998842	1.22333	1.34009	-0.998842	1
556	1.22333	1.22333	0.998842	1.22333	1.34009	0.998842	1
