	f1	f2	f3	f4	f5	f6	clase
1	0.202573	0.209001	0.51156	0.179342	0.74327	1.76884	0
2	0.202573	0.209001	0.51156	0.179342	2.18315	0.516154	0
3	0.202573	0.209001	0.51156	1.06987	0.0233313	0.516154	0
4	0.202573	0.209001	0.51156	1.06987	0.0233313	1.76884	0
5	0.202573	0.209001	0.51156	1.06987	0.74327	0.516154	0
6	0.202573	0.209001	0.51156	1.06987	1.46321	0.516154	0
7	0.202573	0.209001	0.51156	1.06987	2.18315	0.516154	0
8	0.202573	0.209001	0.51156	1.9604	0.74327	0.516154	0
9	0.202573	0.209001	0.51156	1.9604	2.18315	0.516154	0
10	0.202573	0.209001	1.76011	0.179342	0.0233313	0.516154	0
11	0.202573	0.209001	1.76011	0.179342	0.0233313	1.76884	0
12	0.202573	0.209001	1.76011	1.06987	1.46321	0.516154	0
13	0.202573	0.209001	1.76011	1.06987	2.18315	0.516154	0
14	0.202573	0.209001	1.76011	1.06987	2.18315	1.76884	1
15	0.202573	0.209001	1.76011	1.9604	0.0233313	1.76884	0
16	0.202573	0.209001	1.76011	1.9604	0.74327	1.76884	1
17	0.202573	1.13031	0.51156	0.179342	0.0233313	1.76884	0
18	0.202573	1.13031	0.51156	1.06987	0.0233313	1.76884	0
19	0.202573	1.13031	0.51156	1.06987	0.74327	1.76884	1
20	0.202573	1.13031	0.51156	1.06987	1.46321	0.516154	0
21	0.202573	1.13031	0.51156	1.06987	1.46321	1.76884	1
22	0.202573	1.13031	0.51156	1.06987	2.18315	0.516154	0
23	0.202573	1.13031	0.51156	1.9604	0.0233313	0.516154	0
24	0.202573	1.13031	0.51156	1.9604	0.0233313	1.76884	0
25	0.202573	1.13031	0.51156	1.9604	0.74327	1.76884	1
26	0.202573	1.13031	0.51156	1.9604	1.46321	0.516154	0
27	0.202573	1.13031	0.51156	1.9604	1.46321	1.76884	1
28	0.202573	1.13031	0.51156	1.9604	2.18315	0.516154	0
29	0.202573	1.13031	0.51156	1.9604	2.18315	1.76884	1
30	0.202573	1.13031	1.76011	0.179342	0.74327	0.516154	0
31	0.202573	1.13031	1.76011	0.179342	2.18315	0.516154	0
32	0.202573	1.13031	1.76011	1.06987	1.46321	0.516154	1
33	0.202573	1.13031	1.76011	1.06987	2.18315	0.516154	1
34	0.202573	1.13031	1.76011	1.9604	0.0233313	0.516154	0
35	0.202573	1.13031	1.76011	1.9604	0.0233313	1.76884	1
36	0.202573	1.13031	1.76011	1.9604	1.46321	0.516154	1
37	0.202573	1.13031	1.76011	1.9604	1.46321	1.76884	0
38	0.202573	1.13031	1.76011	1.9604	2.18315	0.516154	1
39	0.202573	1.13031	1.76011	1.9604	2.18315	1.76884	0
40	0.202573	2.05162	0.51156	0.179342	0.0233313	1.76884	0
41	0.202573	2.05162	0.51156	0.179342	0.74327	1.76884	0
42	0.202573	2.05162	0.51156	0.179342	1.46321	0.516154	0
43	0.202573	2.05162	0.51156	0.179342	1.46321	1.76884	0
44	0.202573	2.05162	0.51156	1.06987	0.74327	0.516154	0
45	0.202573	2.05162	0.51156	1.06987	0.74327	1.76884	1
46	0.202573	2.05162	0.51156	1.06987	1.46321	1.76884	1
47	0.202573	2.05162	0.51156	1.06987	2.18315	0.516154	0
48	0.202573	2.05162	0.51156	1.9604	0.74327	1.76884	1
49	0.202573	2.05162	0.51156	1.9604	1.46321	0.516154	0
50	0.202573	2.05162	0.51156	1.9604	2.18315	1.76884	1
51	0.202573	2.05162	1.76011	0.179342	1.46321	0.516154	0
52	0.202573	2.05162	1.76011	0.179342	1.46321	1.76884	1
53	0.202573	2.05162	1.76011	0.179342	2.18315	0.516154	0
54	0.202573	2.05162	1.76011	1.06987	0.0233313	1.76884	1
55	0.202573	2.05162	1.76011	1.06987	1.46321	1.76884	0
56	0.202573	2.05162	1.76011	1.06987	2.18315	1.76884	0
57	0.202573	2.05162	1.76011	1.9604	0.74327	0.516154	1
58	1.11415	0.209001	0.51156	0.179342	0.0233313	0.516154	0
59	1.11415	0.209001	0.51156	0.179342	0.74327	1.76884	0
60	1.11415	0.209001	0.51156	0.179342	1.46321	0.516154	0
61	1.11415	0.209001	0.51156	1.06987	0.74327	1.76884	1
62	1.11415	0.209001	0.51156	1.9604	0.0233313	1.76884	0
63	1.11415	0.209001	0.51156	1.9604	0.74327	1.76884	1
64	1.11415	0.209001	0.51156	1.9604	1.46321	1.76884	1
65	1.11415	0.209001	0.51156	1.9604	2.18315	0.516154	0
66	1.11415	0.209001	1.76011	0.179342	0.0233313	0.516154	0
67	1.11415	0.209001	1.76011	0.179342	0.74327	1.76884	1
68	1.11415	0.209001	1.76011	0.179342	2.18315	0.516154	0
69	1.11415	0.209001	1.76011	1.06987	0.74327	0.516154	1
70	1.11415	0.209001	1.76011	1.06987	2.18315	1.76884	0
71	1.11415	0.209001	1.76011	1.9604	0.0233313	0.516154	0
72	1.11415	0.209001	1.76011	1.9604	0.0233313	1.76884	1
73	1.11415	0.209001	1.76011	1.9604	0.74327	1.76884	0
74	1.11415	0.209001	1.76011	1.9604	1.46321	1.76884	0
75	1.11415	0.209001	1.76011	1.9604	2.18315	1.76884	0
76	1.11415	1.13031	0.51156	0.179342	1.46321	0.516154	0
77	1.11415	1.13031	0.51156	0.179342	2.18315	1.76884	1
78	1.11415	1.13031	0.51156	1.06987	0.0233313	0.516154	0
79	1.11415	1.13031	0.51156	1.06987	1.46321	0.516154	1
80	1.11415	1.13031	0.51156	1.9604	1.46321	0.516154	1
81	1.11415	1.13031	0.51156	1.9604	1.46321	1.76884	0
82	1.11415	1.13031	0.51156	1.9604	2.18315	0.516154	1
83	1.11415	1.13031	1.76011	0.179342	0.0233313	0.516154	0
84	1.11415	1.13031	1.76011	0.179342	0.74327	1.76884	0
85	1.11415	1.13031	1.76011	0.179342	1.46321	1.76884	0
86	1.11415	1.13031	1.76011	0.179342	2.18315	0.516154	1
87	1.11415	1.13031	1.76011	0.179342	2.18315	1.76884	0
88	1.11415	1.13031	1.76011	1.06987	0.0233313	0.516154	1
89	1.11415	1.13031	1.76011	1.06987	0.74327	1.76884	0
90	1.11415	1.13031	1.76011	1.06987	1.46321	0.516154	0
91	1.11415	1.13031	1.76011	1.9604	0.0233313	0.516154	1
92	1.11415	1.13031	1.76011	1.9604	0.74327	0.516154	0
93	1.11415	1.13031	1.76011	1.9604	0.74327	1.76884	0
94	1.11415	1.13031	1.76011	1.9604	2.18315	1.76884	0
95	1.11415	2.05162	0.51156	0.179342	0.0233313	0.516154	0
96	1.11415	2.05162	0.51156	0.179342	0.0233313	1.76884	0
97	1.11415	2.05162	0.51156	0.179342	1.46321	1.76884	1
98	1.11415	2.05162	0.51156	1.06987	0.0233313	0.516154	0
99	1.11415	2.05162	0.51156	1.06987	1.46321	0.516154	1
100	1.11415	2.05162	0.51156	1.06987	1.46321	1.76884	0
101	1.11415	2.05162	0.51156	1.06987	2.18315	1.76884	0
102	1.11415	2.05162	0.51156	1.9604	0.0233313	1.76884	1
103	1.11415	2.05162	0.51156	1.9604	0.74327	0.516154	1
104	1.11415	2.05162	0.51156	1.9604	2.18315	0.516154	1
105	1.11415	2.05162	1.76011	0.179342	0.0233313	1.76884	1
106	1.11415	2.05162	1.76011	0.179342	0.74327	0.516154	1
107	1.11415	2.05162	1.76011	0.179342	1.46321	0.516154	1
108	1.11415	2.05162	1.76011	0.179342	2.18315	1.76884	0
109	1.11415	2.05162	1.76011	1.06987	0.0233313	0.516154	1
110	1.11415	2.05162	1.76011	1.06987	0.74327	0.516154	0
111	1.11415	2.05162	1.76011	1.06987	1.46321	1.76884	0
112	1.11415	2.05162	1.76011	1.9604	1.46321	0.516154	0
113	1.11415	2.05162	1.76011	1.9604	1.46321	1.76884	0
114	1.11415	2.05162	1.76011	1.9604	2.18315	1.76884	0
115	2.02573	0.209001	0.51156	0.179342	2.18315	0.516154	0
116	2.02573	0.209001	0.51156	1.06987	0.0233313	1.76884	0
117	2.02573	0.209001	0.51156	1.06987	0.74327	1.76884	1
118	2.02573	0.209001	0.51156	1.06987	1.46321	1.76884	1
119	2.02573	0.209001	0.51156	1.06987	2.18315	0.516154	0
120	2.02573	0.209001	0.51156	1.06987	2.18315	1.76884	1
121	2.02573	0.209001	0.51156	1.9604	0.0233313	0.516154	0
122	2.02573	0.209001	0.51156	1.9604	0.0233313	1.76884	0
123	2.02573	0.209001	0.51156	1.9604	0.74327	1.76884	1
124	2.02573	0.209001	0.51156	1.9604	1.46321	1.76884	1
125	2.02573	0.209001	1.76011	0.179342	0.0233313	0.516154	0
126	2.02573	0.209001	1.76011	0.179342	0.74327	1.76884	1
127	2.02573	0.209001	1.76011	0.179342	1.46321	0.516154	0
128	2.02573	0.209001	1.76011	0.179342	1.46321	1.76884	1
129	2.02573	0.209001	1.76011	0.179342	2.18315	0.516154	0
130	2.02573	0.209001	1.76011	0.179342	2.18315	1.76884	1
131	2.02573	0.209001	1.76011	1.06987	0.74327	0.516154	1
132	2.02573	0.209001	1.76011	1.9604	0.0233313	1.76884	1
133	2.02573	0.209001	1.76011	1.9604	0.74327	0.516154	1
134	2.02573	0.209001	1.76011	1.9604	0.74327	1.76884	0
135	2.02573	0.209001	1.76011	1.9604	2.18315	1.76884	0
136	2.02573	1.13031	0.51156	0.179342	0.0233313	1.76884	0
137	2.02573	1.13031	0.51156	0.179342	0.74327	1.76884	1
138	2.02573	1.13031	0.51156	0.179342	1.46321	0.516154	0
139	2.02573	1.13031	0.51156	0.179342	1.46321	1.76884	1
140	2.02573	1.13031	0.51156	1.06987	0.0233313	1.76884	1
141	2.02573	1.13031	0.51156	1.06987	0.74327	0.516154	1
142	2.02573	1.13031	0.51156	1.9604	0.0233313	0.516154	0
143	2.02573	1.13031	0.51156	1.9604	0.74327	0.516154	1
144	2.02573	1.13031	0.51156	1.9604	1.46321	0.516154	1
145	2.02573	1.13031	0.51156	1.9604	1.46321	1.76884	0
146	2.02573	1.13031	1.76011	0.179342	0.0233313	0.516154	0
147	2.02573	1.13031	1.76011	0.179342	0.74327	1.76884	0
148	2.02573	1.13031	1.76011	0.179342	1.46321	0.516154	1
149	2.02573	1.13031	1.76011	0.179342	1.46321	1.76884	0
150	2.02573	1.13031	1.76011	1.06987	0.0233313	0.516154	1
151	2.02573	1.13031	1.76011	1.06987	0.74327	0.516154	0
152	2.02573	1.13031	1.76011	1.06987	0.74327	1.76884	0
153	2.02573	1.13031	1.76011	1.06987	1.46321	1.76884	0
154	2.02573	1.13031	1.76011	1.9604	0.0233313	0.516154	1
155	2.02573	1.13031	1.76011	1.9604	1.46321	1.76884	0
156	2.02573	1.13031	1.76011	1.9604	2.18315	1.76884	0
157	2.02573	2.05162	0.51156	0.179342	0.0233313	0.516154	0
158	2.02573	2.05162	0.51156	0.179342	0.74327	0.516154	0
159	2.02573	2.05162	0.51156	0.179342	1.46321	0.516154	0
160	2.02573	2.05162	0.51156	0.179342	1.46321	1.76884	1
161	2.02573	2.05162	0.51156	1.06987	1.46321	1.76884	0
162	2.02573	2.05162	1.76011	0.179342	0.0233313	0.516154	0
163	2.02573	2.05162	1.76011	1.06987	0.0233313	0.516154	1
164	2.02573	2.05162	1.76011	1.06987	0.74327	0.516154	0
165	2.02573	2.05162	1.76011	1.06987	1.46321	0.516154	0
166	2.02573	2.05162	1.76011	1.06987	1.46321	1.76884	0
167	2.02573	2.05162	1.76011	1.9604	0.0233313	0.516154	1
168	2.02573	2.05162	1.76011	1.9604	0.74327	0.516154	0
169	2.02573	2.05162	1.76011	1.9604	2.18315	1.76884	0
170	-1.22333	-1.22333	-0.998842	-1.22333	-1.34009	-0.998842	0
171	-1.22333	-1.22333	-0.998842	-1.22333	-1.34009	0.998842	0
172	-1.22333	-1.22333	-0.998842	-1.22333	-0.446696	-0.998842	0
173	-1.22333	-1.22333	-0.998842	-1.22333	-0.446696	0.998842	0
174	-1.22333	-1.22333	-0.998842	-1.22333	0.446696	-0.998842	0
175	-1.22333	-1.22333	-0.998842	-1.22333	0.446696	0.998842	0
176	-1.22333	-1.22333	-0.998842	-1.22333	1.34009	-0.998842	0
177	-1.22333	-1.22333	-0.998842	-1.22333	1.34009	0.998842	0
178	-1.22333	-1.22333	-0.998842	0	-1.34009	-0.998842	0
179	-1.22333	-1.22333	-0.998842	0	-1.34009	0.998842	0
180	-1.22333	-1.22333	-0.998842	0	-0.446696	-0.998842	0
181	-1.22333	-1.22333	-0.998842	0	-0.446696	0.998842	0
182	-1.22333	-1.22333	-0.998842	0	0.446696	-0.998842	0
183	-1.22333	-1.22333	-0.998842	0	0.446696	0.998842	0
184	-1.22333	-1.22333	-0.998842	0	1.34009	-0.998842	0
185	-1.22333	-1.22333	-0.998842	0	1.34009	0.998842	0
186	-1.22333	-1.22333	-0.998842	1.22333	-1.34009	-0.998842	0
187	-1.22333	-1.22333	-0.998842	1.22333	-1.34009	0.998842	0
188	-1.22333	-1.22333	-0.998842	1.22333	-0.446696	-0.998842	0
189	-1.22333	-1.22333	-0.998842	1.22333	-0.446696	0.998842	0
190	-1.22333	-1.22333	-0.998842	1.22333	0.446696	-0.998842	0
191	-1.22333	-1.22333	-0.998842	1.22333	0.446696	0.998842	0
192	-1.22333	-1.22333	-0.998842	1.22333	1.34009	-0.998842	0
193	-1.22333	-1.22333	-0.998842	1.22333	1.34009	0.998842	0
194	-1.22333	-1.22333	0.998842	-1.22333	-1.34009	-0.998842	0
195	-1.22333	-1.22333	0.998842	-1.22333	-1.34009	0.998842	0
196	-1.22333	-1.22333	0.998842	-1.22333	-0.446696	-0.998842	0
197	-1.22333	-1.22333	0.998842	-1.22333	-0.446696	0.998842	0
198	-1.22333	-1.22333	0.998842	-1.22333	0.446696	-0.998842	0
199	-1.22333	-1.22333	0.998842	-1.22333	0.446696	0.998842	0
200	-1.22333	-1.22333	0.998842	-1.22333	1.34009	-0.998842	0
201	-1.22333	-1.22333	0.998842	-1.22333	1.34009	0.998842	0
202	-1.22333	-1.22333	0.998842	0	-1.34009	-0.998842	0
203	-1.22333	-1.22333	0.998842	0	-1.34009	0.998842	0
204	-1.22333	-1.22333	0.998842	0	-0.446696	-0.998842	0
205	-1.22333	-1.22333	0.998842	0	-0.446696	0.998842	1
206	-1.22333	-1.22333	0.998842	0	0.446696	-0.998842	0
207	-1.22333	-1.22333	0.998842	0	0.446696	0.998842	1
208	-1.22333	-1.22333	0.998842	0	1.34009	-0.998842	0
209	-1.22333	-1.22333	0.998842	0	1.34009	0.998842	1
210	-1.22333	-1.22333	0.998842	1.22333	-1.34009	-0.998842	0
211	-1.22333	-1.22333	0.998842	1.22333	-1.34009	0.998842	0
212	-1.22333	-1.22333	0.998842	1.22333	-0.446696	-0.998842	0
213	-1.22333	-1.22333	0.998842	1.22333	-0.446696	0.998842	1
214	-1.22333	-1.22333	0.998842	1.22333	0.446696	-0.998842	0
215	-1.22333	-1.22333	0.998842	1.22333	0.446696	0.998842	1
216	-1.22333	-1.22333	0.998842	1.22333	1.34009	-0.998842	0
217	-1.22333	-1.22333	0.998842	1.22333	1.34009	0.998842	1
218	-1.22333	0	-0.998842	-1.22333	-1.34009	-0.998842	0
219	-1.22333	0	-0.998842	-1.22333	-1.34009	0.998842	0
220	-1.22333	0	-0.998842	-1.22333	-0.446696	-0.998842	0
221	-1.22333	0	-0.998842	-1.22333	-0.446696	0.998842	0
222	-1.22333	0	-0.998842	-1.22333	0.446696	-0.998842	0
223	-1.22333	0	-0.998842	-1.22333	0.446696	0.998842	0
224	-1.22333	0	-0.998842	-1.22333	1.34009	-0.998842	0
225	-1.22333	0	-0.998842	-1.22333	1.34009	0.998842	0
226	-1.22333	0	-0.998842	0	-1.34009	-0.998842	0
227	-1.22333	0	-0.998842	0	-1.34009	0.998842	0
228	-1.22333	0	-0.998842	0	-0.446696	-0.998842	0
229	-1.22333	0	-0.998842	0	-0.446696	0.998842	1
230	-1.22333	0	-0.998842	0	0.446696	-0.998842	0
231	-1.22333	0	-0.998842	0	0.446696	0.998842	1
232	-1.22333	0	-0.998842	0	1.34009	-0.998842	0
233	-1.22333	0	-0.998842	0	1.34009	0.998842	1
234	-1.22333	0	-0.998842	1.22333	-1.34009	-0.998842	0
235	-1.22333	0	-0.998842	1.22333	-1.34009	0.998842	0
236	-1.22333	0	-0.998842	1.22333	-0.446696	-0.998842	0
237	-1.22333	0	-0.998842	1.22333	-0.446696	0.998842	1
238	-1.22333	0	-0.998842	1.22333	0.446696	-0.998842	0
239	-1.22333	0	-0.998842	1.22333	0.446696	0.998842	1
240	-1.22333	0	-0.998842	1.22333	1.34009	-0.998842	0
241	-1.22333	0	-0.998842	1.22333	1.34009	0.998842	1
242	-1.22333	0	0.998842	-1.22333	-1.34009	-0.998842	0
243	-1.22333	0	0.998842	-1.22333	-1.34009	0.998842	0
244	-1.22333	0	0.998842	-1.22333	-0.446696	-0.998842	0
245	-1.22333	0	0.998842	-1.22333	-0.446696	0.998842	1
246	-1.22333	0	0.998842	-1.22333	0.446696	-0.998842	0
247	-1.22333	0	0.998842	-1.22333	0.446696	0.998842	1
248	-1.22333	0	0.998842	-1.22333	1.34009	-0.998842	0
249	-1.22333	0	0.998842	-1.22333	1.34009	0.998842	1
250	-1.22333	0	0.998842	0	-1.34009	-0.998842	0
251	-1.22333	0	0.998842	0	-1.34009	0.998842	1
252	-1.22333	0	0.998842	0	-0.446696	-0.998842	1
253	-1.22333	0	0.998842	0	-0.446696	0.998842	0
254	-1.22333	0	0.998842	0	0.446696	-0.998842	1
255	-1.22333	0	0.998842	0	0.446696	0.998842	0
256	-1.22333	0	0.998842	0	1.34009	-0.998842	1
257	-1.22333	0	0.998842	0	1.34009	0.998842	0
258	-1.22333	0	0.998842	1.22333	-1.34009	-0.998842	0
259	-1.22333	0	0.998842	1.22333	-1.34009	0.998842	1
260	-1.22333	0	0.998842	1.22333	-0.446696	-0.998842	1
261	-1.22333	0	0.998842	1.22333	-0.446696	0.998842	0
262	-1.22333	0	0.998842	1.22333	0.446696	-0.998842	1
263	-1.22333	0	0.998842	1.22333	0.446696	0.998842	0
264	-1.22333	0	0.998842	1.22333	1.34009	-0.998842	1
265	-1.22333	0	0.998842	1.22333	1.34009	0.998842	0
266	-1.22333	1.22333	-0.998842	-1.22333	-1.34009	-0.998842	0
267	-1.22333	1.22333	-0.998842	-1.22333	-1.34009	0.998842	0
268	-1.22333	1.22333	-0.998842	-1.22333	-0.446696	-0.998842	0
269	-1.22333	1.22333	-0.998842	-1.22333	-0.446696	0.998842	0
270	-1.22333	1.22333	-0.998842	-1.22333	0.446696	-0.998842	0
271	-1.22333	1.22333	-0.998842	-1.22333	0.446696	0.998842	0
272	-1.22333	1.22333	-0.998842	-1.22333	1.34009	-0.998842	0
273	-1.22333	1.22333	-0.998842	-1.22333	1.34009	0.998842	0
274	-1.22333	1.22333	-0.998842	0	-1.34009	-0.998842	0
275	-1.22333	1.22333	-0.998842	0	-1.34009	0.998842	0
276	-1.22333	1.22333	-0.998842	0	-0.446696	-0.998842	0
277	-1.22333	1.22333	-0.998842	0	-0.446696	0.998842	1
278	-1.22333	1.22333	-0.998842	0	0.446696	-0.998842	0
279	-1.22333	1.22333	-0.998842	0	0.446696	0.998842	1
280	-1.22333	1.22333	-0.998842	0	1.34009	-0.998842	0
281	-1.22333	1.22333	-0.998842	0	1.34009	0.998842	1
282	-1.22333	1.22333	-0.998842	1.22333	-1.34009	-0.998842	0
283	-1.22333	1.22333	-0.998842	1.22333	-1.34009	0.998842	0
284	-1.22333	1.22333	-0.998842	1.22333	-0.446696	-0.998842	0
285	-1.22333	1.22333	-0.998842	1.22333	-0.446696	0.998842	1
286	-1.22333	1.22333	-0.998842	1.22333	0.446696	-0.998842	0
287	-1.22333	1.22333	-0.998842	1.22333	0.446696	0.998842	1
288	-1.22333	1.22333	-0.998842	1.22333	1.34009	-0.998842	0
289	-1.22333	1.22333	-0.998842	1.22333	1.34009	0.998842	1
290	-1.22333	1.22333	0.998842	-1.22333	-1.34009	-0.998842	0
291	-1.22333	1.22333	0.998842	-1.22333	-1.34009	0.998842	0
292	-1.22333	1.22333	0.998842	-1.22333	-0.446696	-0.998842	0
293	-1.22333	1.22333	0.998842	-1.22333	-0.446696	0.998842	1
294	-1.22333	1.22333	0.998842	-1.22333	0.446696	-0.998842	0
295	-1.22333	1.22333	0.998842	-1.22333	0.446696	0.998842	1
296	-1.22333	1.22333	0.998842	-1.22333	1.34009	-0.998842	0
297	-1.22333	1.22333	0.998842	-1.22333	1.34009	0.998842	1
298	-1.22333	1.22333	0.998842	0	-1.34009	-0.998842	0
299	-1.22333	1.22333	0.998842	0	-1.34009	0.998842	1
300	-1.22333	1.22333	0.998842	0	-0.446696	-0.998842	1
301	-1.22333	1.22333	0.998842	0	-0.446696	0.998842	0
302	-1.22333	1.22333	0.998842	0	0.446696	-0.998842	1
303	-1.22333	1.22333	0.998842	0	0.446696	0.998842	0
304	-1.22333	1.22333	0.998842	0	1.34009	-0.998842	1
305	-1.22333	1.22333	0.998842	0	1.34009	0.998842	0
306	-1.22333	1.22333	0.998842	1.22333	-1.34009	-0.998842	0
307	-1.22333	1.22333	0.998842	1.22333	-1.34009	0.998842	1
308	-1.22333	1.22333	0.998842	1.22333	-0.446696	-0.998842	1
309	-1.22333	1.22333	0.998842	1.22333	-0.446696	0.998842	0
310	-1.22333	1.22333	0.998842	1.22333	0.446696	-0.998842	1
311	-1.22333	1.22333	0.998842	1.22333	0.446696	0.998842	0
312	-1.22333	1.22333	0.998842	1.22333	1.34009	-0.998842	1
313	-1.22333	1.22333	0.998842	1.22333	1.34009	0.998842	0
314	0	-1.22333	-0.998842	-1.22333	-1.34009	-0.998842	0
315	0	-1.22333	-0.998842	-1.22333	-1.34009	0.998842	0
316	0	-1.22333	-0.998842	-1.22333	-0.446696	-0.998842	0
317	0	-1.22333	-0.998842	-1.22333	-0.446696	0.998842	0
318	0	-1.22333	-0.998842	-1.22333	0.446696	-0.998842	0
319	0	-1.22333	-0.998842	-1.22333	0.446696	0.998842	0
320	0	-1.22333	-0.998842	-1.22333	1.34009	-0.998842	0
321	0	-1.22333	-0.998842	-1.22333	1.34009	0.998842	0
322	0	-1.22333	-0.998842	0	-1.34009	-0.998842	0
323	0	-1.22333	-0.998842	0	-1.34009	0.998842	0
324	0	-1.22333	-0.998842	0	-0.446696	-0.998842	0
325	0	-1.22333	-0.998842	0	-0.446696	0.998842	1
326	0	-1.22333	-0.998842	0	0.446696	-0.998842	0
327	0	-1.22333	-0.998842	0	0.446696	0.998842	1
328	0	-1.22333	-0.998842	0	1.34009	-0.998842	0
329	0	-1.22333	-0.998842	0	1.34009	0.998842	1
330	0	-1.22333	-0.998842	1.22333	-1.34009	-0.998842	0
331	0	-1.22333	-0.998842	1.22333	-1.34009	0.998842	0
332	0	-1.22333	-0.998842	1.22333	-0.446696	-0.998842	0
333	0	-1.22333	-0.998842	1.22333	-0.446696	0.998842	1
334	0	-1.22333	-0.998842	1.22333	0.446696	-0.998842	0
335	0	-1.22333	-0.998842	1.22333	0.446696	0.998842	1
336	0	-1.22333	-0.998842	1.22333	1.34009	-0.998842	0
337	0	-1.22333	-0.998842	1.22333	1.34009	0.998842	1
338	0	-1.22333	0.998842	-1.22333	-1.34009	-0.998842	0
339	0	-1.22333	0.998842	-1.22333	-1.34009	0.998842	0
340	0	-1.22333	0.998842	-1.22333	-0.446696	-0.998842	0
341	0	-1.22333	0.998842	-1.22333	-0.446696	0.998842	1
342	0	-1.22333	0.998842	-1.22333	0.446696	-0.998842	0
343	0	-1.22333	0.998842	-1.22333	0.446696	0.998842	1
344	0	-1.22333	0.998842	-1.22333	1.34009	-0.998842	0
345	0	-1.22333	0.998842	-1.22333	1.34009	0.998842	1
346	0	-1.22333	0.998842	0	-1.34009	-0.998842	0
347	0	-1.22333	0.998842	0	-1.34009	0.998842	1
348	0	-1.22333	0.998842	0	-0.446696	-0.998842	1
349	0	-1.22333	0.998842	0	-0.446696	0.998842	0
350	0	-1.22333	0.998842	0	0.446696	-0.998842	1
351	0	-1.22333	0.998842	0	0.446696	0.998842	0
352	0	-1.22333	0.998842	0	1.34009	-0.998842	1
353	0	-1.22333	0.998842	0	1.34009	0.998842	0
354	0	-1.22333	0.998842	1.22333	-1.34009	-0.998842	0
355	0	-1.22333	0.998842	1.22333	-1.34009	0.998842	1
356	0	-1.22333	0.998842	1.22333	-0.446696	-0.998842	1
357	0	-1.22333	0.998842	1.22333	-0.446696	0.998842	0
358	0	-1.22333	0.998842	1.22333	0.446696	-0.998842	1
359	0	-1.22333	0.998842	1.22333	0.446696	0.998842	0
360	0	-1.22333	0.998842	1.22333	1.34009	-0.998842	1
361	0	-1.22333	0.998842	1.22333	1.34009	0.998842	0
362	0	0	-0.998842	-1.22333	-1.34009	-0.998842	0
363	0	0	-0.998842	-1.22333	-1.34009	0.998842	0
364	0	0	-0.998842	-1.22333	-0.446696	-0.998842	0
365	0	0	-0.998842	-1.22333	-0.446696	0.998842	1
366	0	0	-0.998842	-1.22333	0.446696	-0.998842	0
367	0	0	-0.998842	-1.22333	0.446696	0.998842	1
368	0	0	-0.998842	-1.22333	1.34009	-0.998842	0
369	0	0	-0.998842	-1.22333	1.34009	0.998842	1
370	0	0	-0.998842	0	-1.34009	-0.998842	0
371	0	0	-0.998842	0	-1.34009	0.998842	1
372	0	0	-0.998842	0	-0.446696	-0.998842	1
373	0	0	-0.998842	0	-0.446696	0.998842	0
374	0	0	-0.998842	0	0.446696	-0.998842	1
375	0	0	-0.998842	0	0.446696	0.998842	0
376	0	0	-0.998842	0	1.34009	-0.998842	1
377	0	0	-0.998842	0	1.34009	0.998842	0
378	0	0	-0.998842	1.22333	-1.34009	-0.998842	0
379	0	0	-0.998842	1.22333	-1.34009	0.998842	1
380	0	0	-0.998842	1.22333	-0.446696	-0.998842	1
381	0	0	-0.998842	1.22333	-0.446696	0.998842	0
382	0	0	-0.998842	1.22333	0.446696	-0.998842	1
383	0	0	-0.998842	1.22333	0.446696	0.998842	0
384	0	0	-0.998842	1.22333	1.34009	-0.998842	1
385	0	0	-0.998842	1.22333	1.34009	0.998842	0
386	0	0	0.998842	-1.22333	-1.34009	-0.998842	0
387	0	0	0.998842	-1.22333	-1.34009	0.998842	1
388	0	0	0.998842	-1.22333	-0.446696	-0.998842	1
389	0	0	0.998842	-1.22333	-0.446696	0.998842	0
390	0	0	0.998842	-1.22333	0.446696	-0.998842	1
391	0	0	0.998842	-1.22333	0.446696	0.998842	0
392	0	0	0.998842	-1.22333	1.34009	-0.998842	1
393	0	0	0.998842	-1.22333	1.34009	0.998842	0
394	0	0	0.998842	0	-1.34009	-0.998842	1
395	0	0	0.998842	0	-1.34009	0.998842	0
396	0	0	0.998842	0	-0.446696	-0.998842	0
397	0	0	0.998842	0	-0.446696	0.998842	0
398	0	0	0.998842	0	0.446696	-0.998842	0
399	0	0	0.998842	0	0.446696	0.998842	0
400	0	0	0.998842	0	1.34009	-0.998842	0
401	0	0	0.998842	0	1.34009	0.998842	0
402	0	0	0.998842	1.22333	-1.34009	-0.998842	1
403	0	0	0.998842	1.22333	-1.34009	0.998842	0
404	0	0	0.998842	1.22333	-0.446696	-0.998842	0
405	0	0	0.998842	1.22333	-0.446696	0.998842	0
406	0	0	0.998842	1.22333	0.446696	-0.998842	0
407	0	0	0.998842	1.22333	0.446696	0.998842	0
408	0	0	0.998842	1.22333	1.34009	-0.998842	0
409	0	0	0.998842	1.22333	1.34009	0.998842	0
410	0	1.22333	-0.998842	-1.22333	-1.34009	-0.998842	0
411	0	1.22333	-0.998842	-1.22333	-1.34009	0.998842	0
412	0	1.22333	-0.998842	-1.22333	-0.446696	-0.998842	0
413	0	1.22333	-0.998842	-1.22333	-0.446696	0.998842	1
414	0	1.22333	-0.998842	-1.22333	0.446696	-0.998842	0
415	0	1.22333	-0.998842	-1.22333	0.446696	0.998842	1
416	0	1.22333	-0.998842	-1.22333	1.34009	-0.998842	0
417	0	1.22333	-0.998842	-1.22333	1.34009	0.998842	1
418	0	1.22333	-0.998842	0	-1.34009	-0.998842	0
419	0	1.22333	-0.998842	0	-1.34009	0.998842	1
420	0	1.22333	-0.998842	0	-0.446696	-0.998842	1
421	0	1.22333	-0.998842	0	-0.446696	0.998842	0
422	0	1.22333	-0.998842	0	0.446696	-0.998842	1
423	0	1.22333	-0.998842	0	0.446696	0.998842	0
424	0	1.22333	-0.998842	0	1.34009	-0.998842	1
425	0	1.22333	-0.998842	0	1.34009	0.998842	0
426	0	1.22333	-0.998842	1.22333	-1.34009	-0.998842	0
427	0	1.22333	-0.998842	1.22333	-1.34009	0.998842	1
428	0	1.22333	-0.998842	1.22333	-0.446696	-0.998842	1
429	0	1.22333	-0.998842	1.22333	-0.446696	0.998842	0
430	0	1.22333	-0.998842	1.22333	0.446696	-0.998842	1
431	0	1.22333	-0.998842	1.22333	0.446696	0.998842	0
432	0	1.22333	-0.998842	1.22333	1.34009	-0.998842	1
433	0	1.22333	-0.998842	1.22333	1.34009	0.998842	0
434	0	1.22333	0.998842	-1.22333	-1.34009	-0.998842	0
435	0	1.22333	0.998842	-1.22333	-1.34009	0.998842	1
436	0	1.22333	0.998842	-1.22333	-0.446696	-0.998842	1
437	0	1.22333	0.998842	-1.22333	-0.446696	0.998842	0
438	0	1.22333	0.998842	-1.22333	0.446696	-0.998842	1
439	0	1.22333	0.998842	-1.22333	0.446696	0.998842	0
440	0	1.22333	0.998842	-1.22333	1.34009	-0.998842	1
441	0	1.22333	0.998842	-1.22333	1.34009	0.998842	0
442	0	1.22333	0.998842	0	-1.34009	-0.998842	1
443	0	1.22333	0.998842	0	-1.34009	0.998842	0
444	0	1.22333	0.998842	0	-0.446696	-0.998842	0
445	0	1.22333	0.998842	0	-0.446696	0.998842	0
446	0	1.22333	0.998842	0	0.446696	-0.998842	0
447	0	1.22333	0.998842	0	0.446696	0.998842	0
448	0	1.22333	0.998842	0	1.34009	-0.998842	0
449	0	1.22333	0.998842	0	1.34009	0.998842	0
450	0	1.22333	0.998842	1.22333	-1.34009	-0.998842	1
451	0	1.22333	0.998842	1.22333	-1.34009	0.998842	0
452	0	1.22333	0.998842	1.22333	-0.446696	-0.998842	0
453	0	1.22333	0.998842	1.22333	-0.446696	0.998842	0
454	0	1.22333	0.998842	1.22333	0.446696	-0.998842	0
455	0	1.22333	0.998842	1.22333	0.446696	0.998842	0
456	0	1.22333	0.998842	1.22333	1.34009	-0.998842	0
457	0	1.22333	0.998842	1.22333	1.34009	0.998842	0
458	1.22333	-1.22333	-0.998842	-1.22333	-1.34009	-0.998842	0
459	1.22333	-1.22333	-0.998842	-1.22333	-1.34009	0.998842	0
460	1.22333	-1.22333	-0.998842	-1.22333	-0.446696	-0.998842	0
461	1.22333	-1.22333	-0.998842	-1.22333	-0.446696	0.998842	0
462	1.22333	-1.22333	-0.998842	-1.22333	0.446696	-0.998842	0
463	1.22333	-1.22333	-0.998842	-1.22333	0.446696	0.998842	0
464	1.22333	-1.22333	-0.998842	-1.22333	1.34009	-0.998842	0
465	1.22333	-1.22333	-0.998842	-1.22333	1.34009	0.998842	0
466	1.22333	-1.22333	-0.998842	0	-1.34009	-0.998842	0
467	1.22333	-1.22333	-0.998842	0	-1.34009	0.998842	0
468	1.22333	-1.22333	-0.998842	0	-0.446696	-0.998842	0
469	1.22333	-1.22333	-0.998842	0	-0.446696	0.998842	1
470	1.22333	-1.22333	-0.998842	0	0.446696	-0.998842	0
471	1.22333	-1.22333	-0.998842	0	0.446696	0.998842	1
472	1.22333	-1.22333	-0.998842	0	1.34009	-0.998842	0
473	1.22333	-1.22333	-0.998842	0	1.34009	0.998842	1
474	1.22333	-1.22333	-0.998842	1.22333	-1.34009	-0.998842	0
475	1.22333	-1.22333	-0.998842	1.22333	-1.34009	0.998842	0
476	1.22333	-1.22333	-0.998842	1.22333	-0.446696	-0.998842	0
477	1.22333	-1.22333	-0.998842	1.22333	-0.446696	0.998842	1
478	1.22333	-1.22333	-0.998842	1.22333	0.446696	-0.998842	0
479	1.22333	-1.22333	-0.998842	1.22333	0.446696	0.998842	1
480	1.22333	-1.22333	-0.998842	1.22333	1.34009	-0.998842	0
481	1.22333	-1.22333	-0.998842	1.22333	1.34009	0.998842	1
482	1.22333	-1.22333	0.998842	-1.22333	-1.34009	-0.998842	0
483	1.22333	-1.22333	0.998842	-1.22333	-1.34009	0.998842	0
484	1.22333	-1.22333	0.998842	-1.22333	-0.446696	-0.998842	0
485	1.22333	-1.22333	0.998842	-1.22333	-0.446696	0.998842	1
486	1.22333	-1.22333	0.998842	-1.22333	0.446696	-0.998842	0
487	1.22333	-1.22333	0.998842	-1.22333	0.446696	0.998842	1
488	1.22333	-1.22333	0.998842	-1.22333	1.34009	-0.998842	0
489	1.22333	-1.22333	0.998842	-1.22333	1.34009	0.998842	1
490	1.22333	-1.22333	0.998842	0	-1.34009	-0.998842	0
491	1.22333	-1.22333	0.998842	0	-1.34009	0.998842	1
492	1.22333	-1.22333	0.998842	0	-0.446696	-0.998842	1
493	1.22333	-1.22333	0.998842	0	-0.446696	0.998842	0
494	1.22333	-1.22333	0.998842	0	0.446696	-0.998842	1
495	1.22333	-1.22333	0.998842	0	0.446696	0.998842	0
496	1.22333	-1.22333	0.998842	0	1.34009	-0.998842	1
497	1.22333	-1.22333	0.998842	0	1.34009	0.998842	0
498	1.22333	-1.22333	0.998842	1.22333	-1.34009	-0.998842	0
499	1.22333	-1.22333	0.998842	1.22333	-1.34009	0.998842	1
500	1.22333	-1.22333	0.998842	1.22333	-0.446696	-0.998842	1
501	1.22333	-1.22333	0.998842	1.22333	-0.446696	0.998842	0
502	1.22333	-1.22333	0.998842	1.22333	0.446696	-0.998842	1
503	1.22333	-1.22333	0.998842	1.22333	0.446696	0.998842	0
504	1.22333	-1.22333	0.998842	1.22333	1.34009	-0.998842	1
505	1.22333	-1.22333	0.998842	1.22333	1.34009	0.998842	0
506	1.22333	0	-0.998842	-1.22333	-1.34009	-0.998842	0
507	1.22333	0	-0.998842	-1.22333	-1.34009	0.998842	0
508	1.22333	0	-0.998842	-1.22333	-0.446696	-0.998842	0
509	1.22333	0	-0.998842	-1.22333	-0.446696	0.998842	1
510	1.22333	0	-0.998842	-1.22333	0.446696	-0.998842	0
511	1.22333	0	-0.998842	-1.22333	0.446696	0.998842	1
512	1.22333	0	-0.998842	-1.22333	1.34009	-0.998842	0
513	1.22333	0	-0.998842	-1.22333	1.34009	0.998842	1
514	1.22333	0	-0.998842	0	-1.34009	-0.998842	0
515	1.22333	0	-0.998842	0	-1.34009	0.998842	1
516	1.22333	0	-0.998842	0	-0.446696	-0.998842	1
517	1.22333	0	-0.998842	0	-0.446696	0.998842	0
518	1.22333	0	-0.998842	0	0.446696	-0.998842	1
519	1.22333	0	-0.998842	0	0.446696	0.998842	0
520	1.22333	0	-0.998842	0	1.34009	-0.998842	1
521	1.22333	0	-0.998842	0	1.34009	0.998842	0
522	1.22333	0	-0.998842	1.22333	-1.34009	-0.998842	0
523	1.22333	0	-0.998842	1.22333	-1.34009	0.998842	1
524	1.22333	0	-0.998842	1.22333	-0.446696	-0.998842	1
525	1.22333	0	-0.998842	1.22333	-0.446696	0.998842	0
526	1.22333	0	-0.998842	1.22333	0.446696	-0.998842	1
527	1.22333	0	-0.998842	1.22333	0.446696	0.998842	0
528	1.22333	0	-0.998842	1.22333	1.34009	-0.998842	1
529	1.22333	0	-0.998842	1.22333	1.34009	0.998842	0
530	1.22333	0	0.998842	-1.22333	-1.34009	-0.998842	0
531	1.22333	0	0.998842	-1.22333	-1.34009	0.998842	1
532	1.22333	0	0.998842	-1.22333	-0.446696	-0.998842	1
533	1.22333	0	0.998842	-1.22333	-0.446696	0.998842	0
534	1.22333	0	0.998842	-1.22333	0.446696	-0.998842	1
535	1.22333	0	0.998842	-1.22333	0.446696	0.998842	0
536	1.22333	0	0.998842	-1.22333	1.34009	-0.998842	1
537	1.22333	0	0.998842	-1.22333	1.34009	0.998842	0
538	1.22333	0	0.998842	0	-1.34009	-0.998842	1
539	1.22333	0	0.998842	0	-1.34009	0.998842	0
540	1.22333	0	0.998842	0	-0.446696	-0.998842	0
541	1.22333	0	0.998842	0	-0.446696	0.998842	0
542	1.22333	0	0.998842	0	0.446696	-0.998842	0
543	1.22333	0	0.998842	0	0.446696	0.998842	0
544	1.22333	0	0.998842	0	1.34009	-0.998842	0
545	1.22333	0	0.998842	0	1.34009	0.998842	0
546	1.22333	0	0.998842	1.22333	-1.34009	-0.998842	1
547	1.22333	0	0.998842	1.22333	-1.34009	0.998842	0
548	1.22333	0	0.998842	1.22333	-0.446696	-0.998842	0
549	1.22333	0	0.998842	1.22333	-0.446696	0.998842	0
550	1.22333	0	0.998842	1.22333	0.446696	-0.998842	0
551	1.22333	0	0.998842	1.22333	0.446696	0.998842	0
552	1.22333	0	0.998842	1.22333	1.34009	-0.998842	0
553	1.22333	0	0.998842	1.22333	1.34009	0.998842	0
554	1.22333	1.22333	-0.998842	-1.22333	-1.34009	-0.998842	0
555	1.22333	1.22333	-0.998842	-1.22333	-1.34009	0.998842	0
556	1.22333	1.22333	-0.998842	-1.22333	-0.446696	-0.998842	0
557	1.22333	1.22333	-0.998842	-1.22333	-0.446696	0.998842	1
558	1.22333	1.22333	-0.998842	-1.22333	0.446696	-0.998842	0
559	1.22333	1.22333	-0.998842	-1.22333	0.446696	0.998842	1
560	1.22333	1.22333	-0.998842	-1.22333	1.34009	-0.998842	0
561	1.22333	1.22333	-0.998842	-1.22333	1.34009	0.998842	1
562	1.22333	1.22333	-0.998842	0	-1.34009	-0.998842	0
563	1.22333	1.22333	-0.998842	0	-1.34009	0.998842	1
564	1.22333	1.22333	-0.998842	0	-0.446696	-0.998842	1
565	1.22333	1.22333	-0.998842	0	-0.446696	0.998842	0
566	1.22333	1.22333	-0.998842	0	0.446696	-0.998842	1
567	1.22333	1.22333	-0.998842	0	0.446696	0.998842	0
568	1.22333	1.22333	-0.998842	0	1.34009	-0.998842	1
569	1.22333	1.22333	-0.998842	0	1.34009	0.998842	0
570	1.22333	1.22333	-0.998842	1.22333	-1.34009	-0.998842	0
571	1.22333	1.22333	-0.998842	1.22333	-1.34009	0.998842	1
572	1.22333	1.22333	-0.998842	1.22333	-0.446696	-0.998842	1
573	1.22333	1.22333	-0.998842	1.22333	-0.446696	0.998842	0
574	1.22333	1.22333	-0.998842	1.22333	0.446696	-0.998842	1
575	1.22333	1.22333	-0.998842	1.22333	0.446696	0.998842	0
576	1.22333	1.22333	-0.998842	1.22333	1.34009	-0.998842	1
577	1.22333	1.22333	-0.998842	1.22333	1.34009	0.998842	0
578	1.22333	1.22333	0.998842	-1.22333	-1.34009	-0.998842	0
579	1.22333	1.22333	0.998842	-1.22333	-1.34009	0.998842	1
580	1.22333	1.22333	0.998842	-1.22333	-0.446696	-0.998842	1
581	1.22333	1.22333	0.998842	-1.22333	-0.446696	0.998842	0
582	1.22333	1.22333	0.998842	-1.22333	0.446696	-0.998842	1
583	1.22333	1.22333	0.998842	-1.22333	0.446696	0.998842	0
584	1.22333	1.22333	0.998842	-1.22333	1.34009	-0.998842	1
585	1.22333	1.22333	0.998842	-1.22333	1.34009	0.998842	0
586	1.22333	1.22333	0.998842	0	-1.34009	-0.998842	1
587	1.22333	1.22333	0.998842	0	-1.34009	0.998842	0
588	1.22333	1.22333	0.998842	0	-0.446696	-0.998842	0
589	1.22333	1.22333	0.998842	0	-0.446696	0.998842	0
590	1.22333	1.22333	0.998842	0	0.446696	-0.998842	0
591	1.22333	1.22333	0.998842	0	0.446696	0.998842	0
592	1.22333	1.22333	0.998842	0	1.34009	-0.998842	0
593	1.22333	1.22333	0.998842	0	1.34009	0.998842	0
594	1.22333	1.22333	0.998842	1.22333	-1.34009	-0.998842	1
595	1.22333	1.22333	0.998842	1.22333	-1.34009	0.998842	0
596	1.22333	1.22333	0.998842	1.22333	-0.446696	-0.998842	0
597	1.22333	1.22333	0.998842	1.22333	-0.446696	0.998842	0
598	1.22333	1.22333	0.998842	1.22333	0.446696	-0.998842	0
599	1.22333	1.22333	0.998842	1.22333	0.446696	0.998842	0
600	1.22333	1.22333	0.998842	1.22333	1.34009	-0.998842	0
601	1.22333	1.22333	0.998842	1.22333	1.34009	0.998842	0
