	f1	f2	f3	f4	f5	f6	clase
1	0.490585	0.428121	0.821904	0.418876	0.237339	2.14334	1
2	0.490585	0.428121	0.821904	0.418876	1.02604	0.779683	1
3	0.490585	0.428121	0.821904	0.418876	1.02604	2.14334	1
4	0.490585	0.428121	0.821904	0.418876	1.81473	0.779683	0
5	0.490585	0.428121	0.821904	0.418876	2.60343	0.779683	0
6	0.490585	0.428121	0.821904	1.40232	0.237339	0.779683	1
7	0.490585	0.428121	0.821904	1.40232	1.02604	2.14334	1
8	0.490585	0.428121	0.821904	1.40232	2.60343	2.14334	0
9	0.490585	0.428121	2.22531	0.418876	1.02604	2.14334	1
10	0.490585	0.428121	2.22531	0.418876	2.60343	2.14334	0
11	0.490585	0.428121	2.22531	1.40232	1.02604	2.14334	1
12	0.490585	0.428121	2.22531	1.40232	2.60343	0.779683	0
13	0.490585	0.428121	2.22531	1.40232	2.60343	2.14334	0
14	0.490585	0.428121	2.22531	2.38577	0.237339	0.779683	1
15	0.490585	0.428121	2.22531	2.38577	0.237339	2.14334	1
16	0.490585	0.428121	2.22531	2.38577	1.81473	0.779683	1
17	0.490585	0.428121	2.22531	2.38577	1.81473	2.14334	1
18	0.490585	1.42247	0.821904	0.418876	1.81473	0.779683	1
19	0.490585	1.42247	0.821904	1.40232	1.02604	0.779683	1
20	0.490585	1.42247	0.821904	1.40232	1.02604	2.14334	1
21	0.490585	1.42247	0.821904	1.40232	1.81473	0.779683	0
22	0.490585	1.42247	0.821904	2.38577	0.237339	0.779683	1
23	0.490585	1.42247	0.821904	2.38577	0.237339	2.14334	1
24	0.490585	1.42247	0.821904	2.38577	1.02604	0.779683	1
25	0.490585	1.42247	0.821904	2.38577	1.02604	2.14334	1
26	0.490585	1.42247	0.821904	2.38577	1.81473	2.14334	1
27	0.490585	1.42247	0.821904	2.38577	2.60343	0.779683	0
28	0.490585	1.42247	2.22531	0.418876	1.81473	0.779683	1
29	0.490585	1.42247	2.22531	0.418876	2.60343	2.14334	0
30	0.490585	1.42247	2.22531	1.40232	0.237339	0.779683	1
31	0.490585	1.42247	2.22531	1.40232	1.02604	0.779683	1
32	0.490585	1.42247	2.22531	1.40232	1.02604	2.14334	1
33	0.490585	1.42247	2.22531	2.38577	0.237339	0.779683	1
34	0.490585	1.42247	2.22531	2.38577	1.02604	0.779683	1
35	0.490585	1.42247	2.22531	2.38577	1.02604	2.14334	1
36	0.490585	2.41681	0.821904	0.418876	1.02604	0.779683	0
37	0.490585	2.41681	0.821904	0.418876	2.60343	0.779683	0
38	0.490585	2.41681	0.821904	1.40232	1.81473	2.14334	0
39	0.490585	2.41681	0.821904	1.40232	2.60343	0.779683	0
40	0.490585	2.41681	0.821904	2.38577	0.237339	0.779683	0
41	0.490585	2.41681	0.821904	2.38577	1.81473	0.779683	0
42	0.490585	2.41681	2.22531	0.418876	0.237339	0.779683	0
43	0.490585	2.41681	2.22531	0.418876	0.237339	2.14334	0
44	0.490585	2.41681	2.22531	0.418876	1.02604	0.779683	0
45	0.490585	2.41681	2.22531	0.418876	2.60343	2.14334	0
46	0.490585	2.41681	2.22531	1.40232	1.81473	2.14334	0
47	0.490585	2.41681	2.22531	1.40232	2.60343	2.14334	0
48	0.490585	2.41681	2.22531	2.38577	2.60343	0.779683	0
49	1.53976	0.428121	0.821904	0.418876	0.237339	0.779683	1
50	1.53976	0.428121	0.821904	0.418876	0.237339	2.14334	1
51	1.53976	0.428121	0.821904	0.418876	2.60343	0.779683	0
52	1.53976	0.428121	0.821904	0.418876	2.60343	2.14334	0
53	1.53976	0.428121	0.821904	1.40232	0.237339	0.779683	1
54	1.53976	0.428121	0.821904	1.40232	0.237339	2.14334	1
55	1.53976	0.428121	0.821904	2.38577	1.02604	2.14334	1
56	1.53976	0.428121	0.821904	2.38577	1.81473	2.14334	1
57	1.53976	0.428121	0.821904	2.38577	2.60343	0.779683	0
58	1.53976	0.428121	2.22531	0.418876	1.02604	2.14334	1
59	1.53976	0.428121	2.22531	1.40232	2.60343	0.779683	0
60	1.53976	0.428121	2.22531	2.38577	0.237339	2.14334	1
61	1.53976	1.42247	0.821904	0.418876	1.81473	2.14334	1
62	1.53976	1.42247	0.821904	0.418876	2.60343	2.14334	0
63	1.53976	1.42247	0.821904	1.40232	0.237339	2.14334	1
64	1.53976	1.42247	0.821904	1.40232	1.02604	0.779683	0
65	1.53976	1.42247	0.821904	2.38577	0.237339	0.779683	1
66	1.53976	1.42247	0.821904	2.38577	1.02604	2.14334	1
67	1.53976	1.42247	0.821904	2.38577	1.81473	0.779683	0
68	1.53976	1.42247	0.821904	2.38577	1.81473	2.14334	0
69	1.53976	1.42247	0.821904	2.38577	2.60343	2.14334	0
70	1.53976	1.42247	2.22531	0.418876	1.02604	2.14334	1
71	1.53976	1.42247	2.22531	1.40232	0.237339	2.14334	1
72	1.53976	1.42247	2.22531	1.40232	1.81473	0.779683	1
73	1.53976	1.42247	2.22531	1.40232	1.81473	2.14334	1
74	1.53976	1.42247	2.22531	2.38577	2.60343	0.779683	0
75	1.53976	2.41681	0.821904	0.418876	1.81473	0.779683	1
76	1.53976	2.41681	0.821904	1.40232	0.237339	0.779683	0
77	1.53976	2.41681	0.821904	1.40232	1.02604	0.779683	0
78	1.53976	2.41681	0.821904	1.40232	1.02604	2.14334	0
79	1.53976	2.41681	0.821904	1.40232	1.81473	2.14334	0
80	1.53976	2.41681	0.821904	2.38577	1.81473	0.779683	0
81	1.53976	2.41681	2.22531	0.418876	0.237339	2.14334	0
82	1.53976	2.41681	2.22531	0.418876	1.02604	2.14334	0
83	1.53976	2.41681	2.22531	0.418876	2.60343	0.779683	0
84	1.53976	2.41681	2.22531	1.40232	1.81473	0.779683	0
85	1.53976	2.41681	2.22531	1.40232	2.60343	2.14334	0
86	1.53976	2.41681	2.22531	2.38577	0.237339	0.779683	0
87	1.53976	2.41681	2.22531	2.38577	1.02604	0.779683	0
88	1.53976	2.41681	2.22531	2.38577	2.60343	2.14334	0
89	2.58893	0.428121	0.821904	0.418876	0.237339	0.779683	1
90	2.58893	0.428121	0.821904	0.418876	1.02604	0.779683	1
91	2.58893	0.428121	0.821904	0.418876	1.81473	0.779683	1
92	2.58893	0.428121	0.821904	1.40232	2.60343	2.14334	0
93	2.58893	0.428121	0.821904	2.38577	0.237339	2.14334	1
94	2.58893	0.428121	0.821904	2.38577	2.60343	2.14334	0
95	2.58893	0.428121	2.22531	0.418876	1.02604	0.779683	1
96	2.58893	0.428121	2.22531	1.40232	1.81473	2.14334	1
97	2.58893	0.428121	2.22531	1.40232	2.60343	2.14334	0
98	2.58893	0.428121	2.22531	2.38577	0.237339	0.779683	1
99	2.58893	1.42247	0.821904	0.418876	1.02604	2.14334	1
100	2.58893	1.42247	0.821904	0.418876	2.60343	0.779683	0
101	2.58893	1.42247	0.821904	1.40232	1.81473	0.779683	1
102	2.58893	1.42247	0.821904	2.38577	0.237339	2.14334	1
103	2.58893	1.42247	2.22531	0.418876	1.02604	2.14334	1
104	2.58893	1.42247	2.22531	0.418876	1.81473	2.14334	1
105	2.58893	1.42247	2.22531	1.40232	0.237339	2.14334	1
106	2.58893	1.42247	2.22531	2.38577	0.237339	0.779683	1
107	2.58893	1.42247	2.22531	2.38577	1.81473	2.14334	1
108	2.58893	1.42247	2.22531	2.38577	2.60343	0.779683	0
109	2.58893	2.41681	0.821904	0.418876	1.81473	2.14334	1
110	2.58893	2.41681	0.821904	0.418876	2.60343	0.779683	1
111	2.58893	2.41681	0.821904	1.40232	2.60343	2.14334	0
112	2.58893	2.41681	0.821904	2.38577	0.237339	0.779683	0
113	2.58893	2.41681	0.821904	2.38577	1.02604	0.779683	0
114	2.58893	2.41681	0.821904	2.38577	1.02604	2.14334	0
115	2.58893	2.41681	0.821904	2.38577	2.60343	0.779683	0
116	2.58893	2.41681	2.22531	0.418876	0.237339	0.779683	0
117	2.58893	2.41681	2.22531	0.418876	0.237339	2.14334	0
118	2.58893	2.41681	2.22531	1.40232	1.02604	2.14334	0
119	2.58893	2.41681	2.22531	1.40232	1.81473	2.14334	0
120	2.58893	2.41681	2.22531	2.38577	0.237339	0.779683	0
121	2.58893	2.41681	2.22531	2.38577	1.81473	2.14334	0
122	2.58893	2.41681	2.22531	2.38577	2.60343	2.14334	0
123	-1.22333	-1.22333	-0.998842	-1.22333	-1.34009	-0.998842	1
124	-1.22333	-1.22333	-0.998842	-1.22333	-1.34009	0.998842	1
125	-1.22333	-1.22333	-0.998842	-1.22333	-0.446696	-0.998842	1
126	-1.22333	-1.22333	-0.998842	-1.22333	-0.446696	0.998842	1
127	-1.22333	-1.22333	-0.998842	-1.22333	0.446696	-0.998842	1
128	-1.22333	-1.22333	-0.998842	-1.22333	0.446696	0.998842	1
129	-1.22333	-1.22333	-0.998842	-1.22333	1.34009	-0.998842	0
130	-1.22333	-1.22333	-0.998842	-1.22333	1.34009	0.998842	0
131	-1.22333	-1.22333	-0.998842	0	-1.34009	-0.998842	1
132	-1.22333	-1.22333	-0.998842	0	-1.34009	0.998842	1
133	-1.22333	-1.22333	-0.998842	0	-0.446696	-0.998842	1
134	-1.22333	-1.22333	-0.998842	0	-0.446696	0.998842	1
135	-1.22333	-1.22333	-0.998842	0	0.446696	-0.998842	1
136	-1.22333	-1.22333	-0.998842	0	0.446696	0.998842	1
137	-1.22333	-1.22333	-0.998842	0	1.34009	-0.998842	0
138	-1.22333	-1.22333	-0.998842	0	1.34009	0.998842	0
139	-1.22333	-1.22333	-0.998842	1.22333	-1.34009	-0.998842	1
140	-1.22333	-1.22333	-0.998842	1.22333	-1.34009	0.998842	1
141	-1.22333	-1.22333	-0.998842	1.22333	-0.446696	-0.998842	1
142	-1.22333	-1.22333	-0.998842	1.22333	-0.446696	0.998842	1
143	-1.22333	-1.22333	-0.998842	1.22333	0.446696	-0.998842	1
144	-1.22333	-1.22333	-0.998842	1.22333	0.446696	0.998842	1
145	-1.22333	-1.22333	-0.998842	1.22333	1.34009	-0.998842	0
146	-1.22333	-1.22333	-0.998842	1.22333	1.34009	0.998842	0
147	-1.22333	-1.22333	0.998842	-1.22333	-1.34009	-0.998842	1
148	-1.22333	-1.22333	0.998842	-1.22333	-1.34009	0.998842	1
149	-1.22333	-1.22333	0.998842	-1.22333	-0.446696	-0.998842	1
150	-1.22333	-1.22333	0.998842	-1.22333	-0.446696	0.998842	1
151	-1.22333	-1.22333	0.998842	-1.22333	0.446696	-0.998842	1
152	-1.22333	-1.22333	0.998842	-1.22333	0.446696	0.998842	1
153	-1.22333	-1.22333	0.998842	-1.22333	1.34009	-0.998842	0
154	-1.22333	-1.22333	0.998842	-1.22333	1.34009	0.998842	0
155	-1.22333	-1.22333	0.998842	0	-1.34009	-0.998842	1
156	-1.22333	-1.22333	0.998842	0	-1.34009	0.998842	1
157	-1.22333	-1.22333	0.998842	0	-0.446696	-0.998842	1
158	-1.22333	-1.22333	0.998842	0	-0.446696	0.998842	1
159	-1.22333	-1.22333	0.998842	0	0.446696	-0.998842	1
160	-1.22333	-1.22333	0.998842	0	0.446696	0.998842	1
161	-1.22333	-1.22333	0.998842	0	1.34009	-0.998842	0
162	-1.22333	-1.22333	0.998842	0	1.34009	0.998842	0
163	-1.22333	-1.22333	0.998842	1.22333	-1.34009	-0.998842	1
164	-1.22333	-1.22333	0.998842	1.22333	-1.34009	0.998842	1
165	-1.22333	-1.22333	0.998842	1.22333	-0.446696	-0.998842	1
166	-1.22333	-1.22333	0.998842	1.22333	-0.446696	0.998842	1
167	-1.22333	-1.22333	0.998842	1.22333	0.446696	-0.998842	1
168	-1.22333	-1.22333	0.998842	1.22333	0.446696	0.998842	1
169	-1.22333	-1.22333	0.998842	1.22333	1.34009	-0.998842	0
170	-1.22333	-1.22333	0.998842	1.22333	1.34009	0.998842	0
171	-1.22333	0	-0.998842	-1.22333	-1.34009	-0.998842	1
172	-1.22333	0	-0.998842	-1.22333	-1.34009	0.998842	1
173	-1.22333	0	-0.998842	-1.22333	-0.446696	-0.998842	1
174	-1.22333	0	-0.998842	-1.22333	-0.446696	0.998842	1
175	-1.22333	0	-0.998842	-1.22333	0.446696	-0.998842	1
176	-1.22333	0	-0.998842	-1.22333	0.446696	0.998842	1
177	-1.22333	0	-0.998842	-1.22333	1.34009	-0.998842	0
178	-1.22333	0	-0.998842	-1.22333	1.34009	0.998842	0
179	-1.22333	0	-0.998842	0	-1.34009	-0.998842	1
180	-1.22333	0	-0.998842	0	-1.34009	0.998842	1
181	-1.22333	0	-0.998842	0	-0.446696	-0.998842	1
182	-1.22333	0	-0.998842	0	-0.446696	0.998842	1
183	-1.22333	0	-0.998842	0	0.446696	-0.998842	1
184	-1.22333	0	-0.998842	0	0.446696	0.998842	1
185	-1.22333	0	-0.998842	0	1.34009	-0.998842	0
186	-1.22333	0	-0.998842	0	1.34009	0.998842	0
187	-1.22333	0	-0.998842	1.22333	-1.34009	-0.998842	1
188	-1.22333	0	-0.998842	1.22333	-1.34009	0.998842	1
189	-1.22333	0	-0.998842	1.22333	-0.446696	-0.998842	1
190	-1.22333	0	-0.998842	1.22333	-0.446696	0.998842	1
191	-1.22333	0	-0.998842	1.22333	0.446696	-0.998842	1
192	-1.22333	0	-0.998842	1.22333	0.446696	0.998842	1
193	-1.22333	0	-0.998842	1.22333	1.34009	-0.998842	0
194	-1.22333	0	-0.998842	1.22333	1.34009	0.998842	0
195	-1.22333	0	0.998842	-1.22333	-1.34009	-0.998842	1
196	-1.22333	0	0.998842	-1.22333	-1.34009	0.998842	1
197	-1.22333	0	0.998842	-1.22333	-0.446696	-0.998842	1
198	-1.22333	0	0.998842	-1.22333	-0.446696	0.998842	1
199	-1.22333	0	0.998842	-1.22333	0.446696	-0.998842	1
200	-1.22333	0	0.998842	-1.22333	0.446696	0.998842	1
201	-1.22333	0	0.998842	-1.22333	1.34009	-0.998842	0
202	-1.22333	0	0.998842	-1.22333	1.34009	0.998842	0
203	-1.22333	0	0.998842	0	-1.34009	-0.998842	1
204	-1.22333	0	0.998842	0	-1.34009	0.998842	1
205	-1.22333	0	0.998842	0	-0.446696	-0.998842	1
206	-1.22333	0	0.998842	0	-0.446696	0.998842	1
207	-1.22333	0	0.998842	0	0.446696	-0.998842	1
208	-1.22333	0	0.998842	0	0.446696	0.998842	1
209	-1.22333	0	0.998842	0	1.34009	-0.998842	0
210	-1.22333	0	0.998842	0	1.34009	0.998842	0
211	-1.22333	0	0.998842	1.22333	-1.34009	-0.998842	1
212	-1.22333	0	0.998842	1.22333	-1.34009	0.998842	1
213	-1.22333	0	0.998842	1.22333	-0.446696	-0.998842	1
214	-1.22333	0	0.998842	1.22333	-0.446696	0.998842	1
215	-1.22333	0	0.998842	1.22333	0.446696	-0.998842	1
216	-1.22333	0	0.998842	1.22333	0.446696	0.998842	1
217	-1.22333	0	0.998842	1.22333	1.34009	-0.998842	0
218	-1.22333	0	0.998842	1.22333	1.34009	0.998842	0
219	-1.22333	1.22333	-0.998842	-1.22333	-1.34009	-0.998842	0
220	-1.22333	1.22333	-0.998842	-1.22333	-1.34009	0.998842	0
221	-1.22333	1.22333	-0.998842	-1.22333	-0.446696	-0.998842	0
222	-1.22333	1.22333	-0.998842	-1.22333	-0.446696	0.998842	0
223	-1.22333	1.22333	-0.998842	-1.22333	0.446696	-0.998842	1
224	-1.22333	1.22333	-0.998842	-1.22333	0.446696	0.998842	1
225	-1.22333	1.22333	-0.998842	-1.22333	1.34009	-0.998842	0
226	-1.22333	1.22333	-0.998842	-1.22333	1.34009	0.998842	0
227	-1.22333	1.22333	-0.998842	0	-1.34009	-0.998842	0
228	-1.22333	1.22333	-0.998842	0	-1.34009	0.998842	0
229	-1.22333	1.22333	-0.998842	0	-0.446696	-0.998842	0
230	-1.22333	1.22333	-0.998842	0	-0.446696	0.998842	0
231	-1.22333	1.22333	-0.998842	0	0.446696	-0.998842	0
232	-1.22333	1.22333	-0.998842	0	0.446696	0.998842	0
233	-1.22333	1.22333	-0.998842	0	1.34009	-0.998842	0
234	-1.22333	1.22333	-0.998842	0	1.34009	0.998842	0
235	-1.22333	1.22333	-0.998842	1.22333	-1.34009	-0.998842	0
236	-1.22333	1.22333	-0.998842	1.22333	-1.34009	0.998842	0
237	-1.22333	1.22333	-0.998842	1.22333	-0.446696	-0.998842	0
238	-1.22333	1.22333	-0.998842	1.22333	-0.446696	0.998842	0
239	-1.22333	1.22333	-0.998842	1.22333	0.446696	-0.998842	0
240	-1.22333	1.22333	-0.998842	1.22333	0.446696	0.998842	0
241	-1.22333	1.22333	-0.998842	1.22333	1.34009	-0.998842	0
242	-1.22333	1.22333	-0.998842	1.22333	1.34009	0.998842	0
243	-1.22333	1.22333	0.998842	-1.22333	-1.34009	-0.998842	0
244	-1.22333	1.22333	0.998842	-1.22333	-1.34009	0.998842	0
245	-1.22333	1.22333	0.998842	-1.22333	-0.446696	-0.998842	0
246	-1.22333	1.22333	0.998842	-1.22333	-0.446696	0.998842	0
247	-1.22333	1.22333	0.998842	-1.22333	0.446696	-0.998842	1
248	-1.22333	1.22333	0.998842	-1.22333	0.446696	0.998842	1
249	-1.22333	1.22333	0.998842	-1.22333	1.34009	-0.998842	0
250	-1.22333	1.22333	0.998842	-1.22333	1.34009	0.998842	0
251	-1.22333	1.22333	0.998842	0	-1.34009	-0.998842	0
252	-1.22333	1.22333	0.998842	0	-1.34009	0.998842	0
253	-1.22333	1.22333	0.998842	0	-0.446696	-0.998842	0
254	-1.22333	1.22333	0.998842	0	-0.446696	0.998842	0
255	-1.22333	1.22333	0.998842	0	0.446696	-0.998842	0
256	-1.22333	1.22333	0.998842	0	0.446696	0.998842	0
257	-1.22333	1.22333	0.998842	0	1.34009	-0.998842	0
258	-1.22333	1.22333	0.998842	0	1.34009	0.998842	0
259	-1.22333	1.22333	0.998842	1.22333	-1.34009	-0.998842	0
260	-1.22333	1.22333	0.998842	1.22333	-1.34009	0.998842	0
261	-1.22333	1.22333	0.998842	1.22333	-0.446696	-0.998842	0
262	-1.22333	1.22333	0.998842	1.22333	-0.446696	0.998842	0
263	-1.22333	1.22333	0.998842	1.22333	0.446696	-0.998842	0
264	-1.22333	1.22333	0.998842	1.22333	0.446696	0.998842	0
265	-1.22333	1.22333	0.998842	1.22333	1.34009	-0.998842	0
266	-1.22333	1.22333	0.998842	1.22333	1.34009	0.998842	0
267	0	-1.22333	-0.998842	-1.22333	-1.34009	-0.998842	1
268	0	-1.22333	-0.998842	-1.22333	-1.34009	0.998842	1
269	0	-1.22333	-0.998842	-1.22333	-0.446696	-0.998842	1
270	0	-1.22333	-0.998842	-1.22333	-0.446696	0.998842	1
271	0	-1.22333	-0.998842	-1.22333	0.446696	-0.998842	1
272	0	-1.22333	-0.998842	-1.22333	0.446696	0.998842	1
273	0	-1.22333	-0.998842	-1.22333	1.34009	-0.998842	0
274	0	-1.22333	-0.998842	-1.22333	1.34009	0.998842	0
275	0	-1.22333	-0.998842	0	-1.34009	-0.998842	1
276	0	-1.22333	-0.998842	0	-1.34009	0.998842	1
277	0	-1.22333	-0.998842	0	-0.446696	-0.998842	1
278	0	-1.22333	-0.998842	0	-0.446696	0.998842	1
279	0	-1.22333	-0.998842	0	0.446696	-0.998842	1
280	0	-1.22333	-0.998842	0	0.446696	0.998842	1
281	0	-1.22333	-0.998842	0	1.34009	-0.998842	0
282	0	-1.22333	-0.998842	0	1.34009	0.998842	0
283	0	-1.22333	-0.998842	1.22333	-1.34009	-0.998842	1
284	0	-1.22333	-0.998842	1.22333	-1.34009	0.998842	1
285	0	-1.22333	-0.998842	1.22333	-0.446696	-0.998842	1
286	0	-1.22333	-0.998842	1.22333	-0.446696	0.998842	1
287	0	-1.22333	-0.998842	1.22333	0.446696	-0.998842	1
288	0	-1.22333	-0.998842	1.22333	0.446696	0.998842	1
289	0	-1.22333	-0.998842	1.22333	1.34009	-0.998842	0
290	0	-1.22333	-0.998842	1.22333	1.34009	0.998842	0
291	0	-1.22333	0.998842	-1.22333	-1.34009	-0.998842	1
292	0	-1.22333	0.998842	-1.22333	-1.34009	0.998842	1
293	0	-1.22333	0.998842	-1.22333	-0.446696	-0.998842	1
294	0	-1.22333	0.998842	-1.22333	-0.446696	0.998842	1
295	0	-1.22333	0.998842	-1.22333	0.446696	-0.998842	1
296	0	-1.22333	0.998842	-1.22333	0.446696	0.998842	1
297	0	-1.22333	0.998842	-1.22333	1.34009	-0.998842	0
298	0	-1.22333	0.998842	-1.22333	1.34009	0.998842	0
299	0	-1.22333	0.998842	0	-1.34009	-0.998842	1
300	0	-1.22333	0.998842	0	-1.34009	0.998842	1
301	0	-1.22333	0.998842	0	-0.446696	-0.998842	1
302	0	-1.22333	0.998842	0	-0.446696	0.998842	1
303	0	-1.22333	0.998842	0	0.446696	-0.998842	1
304	0	-1.22333	0.998842	0	0.446696	0.998842	1
305	0	-1.22333	0.998842	0	1.34009	-0.998842	0
306	0	-1.22333	0.998842	0	1.34009	0.998842	0
307	0	-1.22333	0.998842	1.22333	-1.34009	-0.998842	1
308	0	-1.22333	0.998842	1.22333	-1.34009	0.998842	1
309	0	-1.22333	0.998842	1.22333	-0.446696	-0.998842	1
310	0	-1.22333	0.998842	1.22333	-0.446696	0.998842	1
311	0	-1.22333	0.998842	1.22333	0.446696	-0.998842	1
312	0	-1.22333	0.998842	1.22333	0.446696	0.998842	1
313	0	-1.22333	0.998842	1.22333	1.34009	-0.998842	0
314	0	-1.22333	0.998842	1.22333	1.34009	0.998842	0
315	0	0	-0.998842	-1.22333	-1.34009	-0.998842	1
316	0	0	-0.998842	-1.22333	-1.34009	0.998842	1
317	0	0	-0.998842	-1.22333	-0.446696	-0.998842	1
318	0	0	-0.998842	-1.22333	-0.446696	0.998842	1
319	0	0	-0.998842	-1.22333	0.446696	-0.998842	1
320	0	0	-0.998842	-1.22333	0.446696	0.998842	1
321	0	0	-0.998842	-1.22333	1.34009	-0.998842	0
322	0	0	-0.998842	-1.22333	1.34009	0.998842	0
323	0	0	-0.998842	0	-1.34009	-0.998842	1
324	0	0	-0.998842	0	-1.34009	0.998842	1
325	0	0	-0.998842	0	-0.446696	-0.998842	1
326	0	0	-0.998842	0	-0.446696	0.998842	1
327	0	0	-0.998842	0	0.446696	-0.998842	1
328	0	0	-0.998842	0	0.446696	0.998842	1
329	0	0	-0.998842	0	1.34009	-0.998842	0
330	0	0	-0.998842	0	1.34009	0.998842	0
331	0	0	-0.998842	1.22333	-1.34009	-0.998842	1
332	0	0	-0.998842	1.22333	-1.34009	0.998842	1
333	0	0	-0.998842	1.22333	-0.446696	-0.998842	1
334	0	0	-0.998842	1.22333	-0.446696	0.998842	1
335	0	0	-0.998842	1.22333	0.446696	-0.998842	1
336	0	0	-0.998842	1.22333	0.446696	0.998842	1
337	0	0	-0.998842	1.22333	1.34009	-0.998842	0
338	0	0	-0.998842	1.22333	1.34009	0.998842	0
339	0	0	0.998842	-1.22333	-1.34009	-0.998842	1
340	0	0	0.998842	-1.22333	-1.34009	0.998842	1
341	0	0	0.998842	-1.22333	-0.446696	-0.998842	1
342	0	0	0.998842	-1.22333	-0.446696	0.998842	1
343	0	0	0.998842	-1.22333	0.446696	-0.998842	1
344	0	0	0.998842	-1.22333	0.446696	0.998842	1
345	0	0	0.998842	-1.22333	1.34009	-0.998842	0
346	0	0	0.998842	-1.22333	1.34009	0.998842	0
347	0	0	0.998842	0	-1.34009	-0.998842	1
348	0	0	0.998842	0	-1.34009	0.998842	1
349	0	0	0.998842	0	-0.446696	-0.998842	1
350	0	0	0.998842	0	-0.446696	0.998842	1
351	0	0	0.998842	0	0.446696	-0.998842	1
352	0	0	0.998842	0	0.446696	0.998842	1
353	0	0	0.998842	0	1.34009	-0.998842	0
354	0	0	0.998842	0	1.34009	0.998842	0
355	0	0	0.998842	1.22333	-1.34009	-0.998842	1
356	0	0	0.998842	1.22333	-1.34009	0.998842	1
357	0	0	0.998842	1.22333	-0.446696	-0.998842	1
358	0	0	0.998842	1.22333	-0.446696	0.998842	1
359	0	0	0.998842	1.22333	0.446696	-0.998842	1
360	0	0	0.998842	1.22333	0.446696	0.998842	1
361	0	0	0.998842	1.22333	1.34009	-0.998842	0
362	0	0	0.998842	1.22333	1.34009	0.998842	0
363	0	1.22333	-0.998842	-1.22333	-1.34009	-0.998842	0
364	0	1.22333	-0.998842	-1.22333	-1.34009	0.998842	0
365	0	1.22333	-0.998842	-1.22333	-0.446696	-0.998842	0
366	0	1.22333	-0.998842	-1.22333	-0.446696	0.998842	0
367	0	1.22333	-0.998842	-1.22333	0.446696	-0.998842	1
368	0	1.22333	-0.998842	-1.22333	0.446696	0.998842	1
369	0	1.22333	-0.998842	-1.22333	1.34009	-0.998842	0
370	0	1.22333	-0.998842	-1.22333	1.34009	0.998842	0
371	0	1.22333	-0.998842	0	-1.34009	-0.998842	0
372	0	1.22333	-0.998842	0	-1.34009	0.998842	0
373	0	1.22333	-0.998842	0	-0.446696	-0.998842	0
374	0	1.22333	-0.998842	0	-0.446696	0.998842	0
375	0	1.22333	-0.998842	0	0.446696	-0.998842	0
376	0	1.22333	-0.998842	0	0.446696	0.998842	0
377	0	1.22333	-0.998842	0	1.34009	-0.998842	0
378	0	1.22333	-0.998842	0	1.34009	0.998842	0
379	0	1.22333	-0.998842	1.22333	-1.34009	-0.998842	0
380	0	1.22333	-0.998842	1.22333	-1.34009	0.998842	0
381	0	1.22333	-0.998842	1.22333	-0.446696	-0.998842	0
382	0	1.22333	-0.998842	1.22333	-0.446696	0.998842	0
383	0	1.22333	-0.998842	1.22333	0.446696	-0.998842	0
384	0	1.22333	-0.998842	1.22333	0.446696	0.998842	0
385	0	1.22333	-0.998842	1.22333	1.34009	-0.998842	0
386	0	1.22333	-0.998842	1.22333	1.34009	0.998842	0
387	0	1.22333	0.998842	-1.22333	-1.34009	-0.998842	0
388	0	1.22333	0.998842	-1.22333	-1.34009	0.998842	0
389	0	1.22333	0.998842	-1.22333	-0.446696	-0.998842	0
390	0	1.22333	0.998842	-1.22333	-0.446696	0.998842	0
391	0	1.22333	0.998842	-1.22333	0.446696	-0.998842	1
392	0	1.22333	0.998842	-1.22333	0.446696	0.998842	1
393	0	1.22333	0.998842	-1.22333	1.34009	-0.998842	0
394	0	1.22333	0.998842	-1.22333	1.34009	0.998842	0
395	0	1.22333	0.998842	0	-1.34009	-0.998842	0
396	0	1.22333	0.998842	0	-1.34009	0.998842	0
397	0	1.22333	0.998842	0	-0.446696	-0.998842	0
398	0	1.22333	0.998842	0	-0.446696	0.998842	0
399	0	1.22333	0.998842	0	0.446696	-0.998842	0
400	0	1.22333	0.998842	0	0.446696	0.998842	0
401	0	1.22333	0.998842	0	1.34009	-0.998842	0
402	0	1.22333	0.998842	0	1.34009	0.998842	0
403	0	1.22333	0.998842	1.22333	-1.34009	-0.998842	0
404	0	1.22333	0.998842	1.22333	-1.34009	0.998842	0
405	0	1.22333	0.998842	1.22333	-0.446696	-0.998842	0
406	0	1.22333	0.998842	1.22333	-0.446696	0.998842	0
407	0	1.22333	0.998842	1.22333	0.446696	-0.998842	0
408	0	1.22333	0.998842	1.22333	0.446696	0.998842	0
409	0	1.22333	0.998842	1.22333	1.34009	-0.998842	0
410	0	1.22333	0.998842	1.22333	1.34009	0.998842	0
411	1.22333	-1.22333	-0.998842	-1.22333	-1.34009	-0.998842	1
412	1.22333	-1.22333	-0.998842	-1.22333	-1.34009	0.998842	1
413	1.22333	-1.22333	-0.998842	-1.22333	-0.446696	-0.998842	1
414	1.22333	-1.22333	-0.998842	-1.22333	-0.446696	0.998842	1
415	1.22333	-1.22333	-0.998842	-1.22333	0.446696	-0.998842	1
416	1.22333	-1.22333	-0.998842	-1.22333	0.446696	0.998842	1
417	1.22333	-1.22333	-0.998842	-1.22333	1.34009	-0.998842	0
418	1.22333	-1.22333	-0.998842	-1.22333	1.34009	0.998842	0
419	1.22333	-1.22333	-0.998842	0	-1.34009	-0.998842	1
420	1.22333	-1.22333	-0.998842	0	-1.34009	0.998842	1
421	1.22333	-1.22333	-0.998842	0	-0.446696	-0.998842	1
422	1.22333	-1.22333	-0.998842	0	-0.446696	0.998842	1
423	1.22333	-1.22333	-0.998842	0	0.446696	-0.998842	1
424	1.22333	-1.22333	-0.998842	0	0.446696	0.998842	1
425	1.22333	-1.22333	-0.998842	0	1.34009	-0.998842	0
426	1.22333	-1.22333	-0.998842	0	1.34009	0.998842	0
427	1.22333	-1.22333	-0.998842	1.22333	-1.34009	-0.998842	1
428	1.22333	-1.22333	-0.998842	1.22333	-1.34009	0.998842	1
429	1.22333	-1.22333	-0.998842	1.22333	-0.446696	-0.998842	1
430	1.22333	-1.22333	-0.998842	1.22333	-0.446696	0.998842	1
431	1.22333	-1.22333	-0.998842	1.22333	0.446696	-0.998842	1
432	1.22333	-1.22333	-0.998842	1.22333	0.446696	0.998842	1
433	1.22333	-1.22333	-0.998842	1.22333	1.34009	-0.998842	0
434	1.22333	-1.22333	-0.998842	1.22333	1.34009	0.998842	0
435	1.22333	-1.22333	0.998842	-1.22333	-1.34009	-0.998842	1
436	1.22333	-1.22333	0.998842	-1.22333	-1.34009	0.998842	1
437	1.22333	-1.22333	0.998842	-1.22333	-0.446696	-0.998842	1
438	1.22333	-1.22333	0.998842	-1.22333	-0.446696	0.998842	1
439	1.22333	-1.22333	0.998842	-1.22333	0.446696	-0.998842	1
440	1.22333	-1.22333	0.998842	-1.22333	0.446696	0.998842	1
441	1.22333	-1.22333	0.998842	-1.22333	1.34009	-0.998842	0
442	1.22333	-1.22333	0.998842	-1.22333	1.34009	0.998842	0
443	1.22333	-1.22333	0.998842	0	-1.34009	-0.998842	1
444	1.22333	-1.22333	0.998842	0	-1.34009	0.998842	1
445	1.22333	-1.22333	0.998842	0	-0.446696	-0.998842	1
446	1.22333	-1.22333	0.998842	0	-0.446696	0.998842	1
447	1.22333	-1.22333	0.998842	0	0.446696	-0.998842	1
448	1.22333	-1.22333	0.998842	0	0.446696	0.998842	1
449	1.22333	-1.22333	0.998842	0	1.34009	-0.998842	0
450	1.22333	-1.22333	0.998842	0	1.34009	0.998842	0
451	1.22333	-1.22333	0.998842	1.22333	-1.34009	-0.998842	1
452	1.22333	-1.22333	0.998842	1.22333	-1.34009	0.998842	1
453	1.22333	-1.22333	0.998842	1.22333	-0.446696	-0.998842	1
454	1.22333	-1.22333	0.998842	1.22333	-0.446696	0.998842	1
455	1.22333	-1.22333	0.998842	1.22333	0.446696	-0.998842	1
456	1.22333	-1.22333	0.998842	1.22333	0.446696	0.998842	1
457	1.22333	-1.22333	0.998842	1.22333	1.34009	-0.998842	0
458	1.22333	-1.22333	0.998842	1.22333	1.34009	0.998842	0
459	1.22333	0	-0.998842	-1.22333	-1.34009	-0.998842	1
460	1.22333	0	-0.998842	-1.22333	-1.34009	0.998842	1
461	1.22333	0	-0.998842	-1.22333	-0.446696	-0.998842	1
462	1.22333	0	-0.998842	-1.22333	-0.446696	0.998842	1
463	1.22333	0	-0.998842	-1.22333	0.446696	-0.998842	1
464	1.22333	0	-0.998842	-1.22333	0.446696	0.998842	1
465	1.22333	0	-0.998842	-1.22333	1.34009	-0.998842	0
466	1.22333	0	-0.998842	-1.22333	1.34009	0.998842	0
467	1.22333	0	-0.998842	0	-1.34009	-0.998842	1
468	1.22333	0	-0.998842	0	-1.34009	0.998842	1
469	1.22333	0	-0.998842	0	-0.446696	-0.998842	1
470	1.22333	0	-0.998842	0	-0.446696	0.998842	1
471	1.22333	0	-0.998842	0	0.446696	-0.998842	1
472	1.22333	0	-0.998842	0	0.446696	0.998842	1
473	1.22333	0	-0.998842	0	1.34009	-0.998842	0
474	1.22333	0	-0.998842	0	1.34009	0.998842	0
475	1.22333	0	-0.998842	1.22333	-1.34009	-0.998842	1
476	1.22333	0	-0.998842	1.22333	-1.34009	0.998842	1
477	1.22333	0	-0.998842	1.22333	-0.446696	-0.998842	1
478	1.22333	0	-0.998842	1.22333	-0.446696	0.998842	1
479	1.22333	0	-0.998842	1.22333	0.446696	-0.998842	1
480	1.22333	0	-0.998842	1.22333	0.446696	0.998842	1
481	1.22333	0	-0.998842	1.22333	1.34009	-0.998842	0
482	1.22333	0	-0.998842	1.22333	1.34009	0.998842	0
483	1.22333	0	0.998842	-1.22333	-1.34009	-0.998842	1
484	1.22333	0	0.998842	-1.22333	-1.34009	0.998842	1
485	1.22333	0	0.998842	-1.22333	-0.446696	-0.998842	1
486	1.22333	0	0.998842	-1.22333	-0.446696	0.998842	1
487	1.22333	0	0.998842	-1.22333	0.446696	-0.998842	1
488	1.22333	0	0.998842	-1.22333	0.446696	0.998842	1
489	1.22333	0	0.998842	-1.22333	1.34009	-0.998842	0
490	1.22333	0	0.998842	-1.22333	1.34009	0.998842	0
491	1.22333	0	0.998842	0	-1.34009	-0.998842	1
492	1.22333	0	0.998842	0	-1.34009	0.998842	1
493	1.22333	0	0.998842	0	-0.446696	-0.998842	1
494	1.22333	0	0.998842	0	-0.446696	0.998842	1
495	1.22333	0	0.998842	0	0.446696	-0.998842	1
496	1.22333	0	0.998842	0	0.446696	0.998842	1
497	1.22333	0	0.998842	0	1.34009	-0.998842	0
498	1.22333	0	0.998842	0	1.34009	0.998842	0
499	1.22333	0	0.998842	1.22333	-1.34009	-0.998842	1
500	1.22333	0	0.998842	1.22333	-1.34009	0.998842	1
501	1.22333	0	0.998842	1.22333	-0.446696	-0.998842	1
502	1.22333	0	0.998842	1.22333	-0.446696	0.998842	1
503	1.22333	0	0.998842	1.22333	0.446696	-0.998842	1
504	1.22333	0	0.998842	1.22333	0.446696	0.998842	1
505	1.22333	0	0.998842	1.22333	1.34009	-0.998842	0
506	1.22333	0	0.998842	1.22333	1.34009	0.998842	0
507	1.22333	1.22333	-0.998842	-1.22333	-1.34009	-0.998842	0
508	1.22333	1.22333	-0.998842	-1.22333	-1.34009	0.998842	0
509	1.22333	1.22333	-0.998842	-1.22333	-0.446696	-0.998842	0
510	1.22333	1.22333	-0.998842	-1.22333	-0.446696	0.998842	0
511	1.22333	1.22333	-0.998842	-1.22333	0.446696	-0.998842	1
512	1.22333	1.22333	-0.998842	-1.22333	0.446696	0.998842	1
513	1.22333	1.22333	-0.998842	-1.22333	1.34009	-0.998842	0
514	1.22333	1.22333	-0.998842	-1.22333	1.34009	0.998842	0
515	1.22333	1.22333	-0.998842	0	-1.34009	-0.998842	0
516	1.22333	1.22333	-0.998842	0	-1.34009	0.998842	0
517	1.22333	1.22333	-0.998842	0	-0.446696	-0.998842	0
518	1.22333	1.22333	-0.998842	0	-0.446696	0.998842	0
519	1.22333	1.22333	-0.998842	0	0.446696	-0.998842	0
520	1.22333	1.22333	-0.998842	0	0.446696	0.998842	0
521	1.22333	1.22333	-0.998842	0	1.34009	-0.998842	0
522	1.22333	1.22333	-0.998842	0	1.34009	0.998842	0
523	1.22333	1.22333	-0.998842	1.22333	-1.34009	-0.998842	0
524	1.22333	1.22333	-0.998842	1.22333	-1.34009	0.998842	0
525	1.22333	1.22333	-0.998842	1.22333	-0.446696	-0.998842	0
526	1.22333	1.22333	-0.998842	1.22333	-0.446696	0.998842	0
527	1.22333	1.22333	-0.998842	1.22333	0.446696	-0.998842	0
528	1.22333	1.22333	-0.998842	1.22333	0.446696	0.998842	0
529	1.22333	1.22333	-0.998842	1.22333	1.34009	-0.998842	0
530	1.22333	1.22333	-0.998842	1.22333	1.34009	0.998842	0
531	1.22333	1.22333	0.998842	-1.22333	-1.34009	-0.998842	0
532	1.22333	1.22333	0.998842	-1.22333	-1.34009	0.998842	0
533	1.22333	1.22333	0.998842	-1.22333	-0.446696	-0.998842	0
534	1.22333	1.22333	0.998842	-1.22333	-0.446696	0.998842	0
535	1.22333	1.22333	0.998842	-1.22333	0.446696	-0.998842	1
536	1.22333	1.22333	0.998842	-1.22333	0.446696	0.998842	1
537	1.22333	1.22333	0.998842	-1.22333	1.34009	-0.998842	0
538	1.22333	1.22333	0.998842	-1.22333	1.34009	0.998842	0
539	1.22333	1.22333	0.998842	0	-1.34009	-0.998842	0
540	1.22333	1.22333	0.998842	0	-1.34009	0.998842	0
541	1.22333	1.22333	0.998842	0	-0.446696	-0.998842	0
542	1.22333	1.22333	0.998842	0	-0.446696	0.998842	0
543	1.22333	1.22333	0.998842	0	0.446696	-0.998842	0
544	1.22333	1.22333	0.998842	0	0.446696	0.998842	0
545	1.22333	1.22333	0.998842	0	1.34009	-0.998842	0
546	1.22333	1.22333	0.998842	0	1.34009	0.998842	0
547	1.22333	1.22333	0.998842	1.22333	-1.34009	-0.998842	0
548	1.22333	1.22333	0.998842	1.22333	-1.34009	0.998842	0
549	1.22333	1.22333	0.998842	1.22333	-0.446696	-0.998842	0
550	1.22333	1.22333	0.998842	1.22333	-0.446696	0.998842	0
551	1.22333	1.22333	0.998842	1.22333	0.446696	-0.998842	0
552	1.22333	1.22333	0.998842	1.22333	0.446696	0.998842	0
553	1.22333	1.22333	0.998842	1.22333	1.34009	-0.998842	0
554	1.22333	1.22333	0.998842	1.22333	1.34009	0.998842	0
