	f1	f2	f3	f4	f5	f6	f7	clase
1	0.566922	-1.64616	-1.72261	0.717636	-1.48229	-0.0568857	-1.33737	0
2	-0.805626	-0.0285323	-1.72261	0.717636	0.385803	-0.0568857	-1.33737	0
3	-0.805626	1.00087	-1.72261	-2.42629	-1.48229	-0.929132	-1.33737	0
4	-0.805626	0.265582	-1.72261	0.717636	0.385803	-0.0568857	-1.33737	0
5	0.566922	-0.175589	-1.72261	0.717636	-1.48229	-0.0568857	-1.33737	0
6	-0.805626	0.118525	-1.72261	0.717636	-0.548246	-0.0568857	-1.33737	1
7	-0.805626	0.192053	-1.72261	-2.42629	0.385803	-0.929132	-1.33737	0
8	0.566922	-1.64616	-1.72261	0.717636	0.385803	-0.0568857	-1.33737	0
9	-0.805626	1.00087	-1.72261	-2.42629	-1.48229	-0.929132	-1.33737	0
10	-0.805626	0.265582	-1.72261	0.717636	0.385803	-0.0568857	-1.33737	1
11	-0.805626	1.00087	-1.72261	-0.854329	-1.48229	-0.0568857	-1.33737	0
12	0.566922	-1.42558	-1.72261	0.717636	0.385803	-0.0568857	-1.33737	1
13	-0.805626	0.559696	-1.72261	0.717636	-1.48229	-0.0568857	-1.33737	0
14	-0.805626	0.192053	-1.72261	-0.854329	-1.48229	-0.0568857	-1.33737	0
15	-0.805626	-0.0285323	-1.72261	0.717636	0.385803	-0.0568857	-1.33737	1
16	0.566922	-1.57263	-1.72261	-0.854329	0.385803	-0.0568857	-1.33737	1
17	-0.805626	0.192053	-1.72261	-0.854329	0.385803	-0.0568857	-1.33737	0
18	-0.805626	0.265582	-1.72261	0.717636	0.385803	-0.0568857	-1.33737	1
19	-0.805626	0.486168	-0.574204	0.717636	0.385803	-0.0568857	-1.33737	1
20	0.566922	-0.69029	-0.574204	-0.854329	-1.48229	-0.0568857	-3.29034	0
21	0.566922	-1.79322	-0.574204	0.717636	0.385803	-1.80138	-3.29034	2
22	-0.805626	-0.102061	-0.574204	0.717636	0.385803	1.68761	0.615613	0
23	1.93947	1.44204	-0.574204	-0.854329	-1.48229	-0.0568857	0.615613	0
24	0.566922	-1.13146	-0.574204	-0.854329	-1.48229	-0.0568857	0.615613	0
25	-0.805626	1.00087	-0.574204	-0.854329	-1.48229	-0.0568857	0.615613	0
26	0.566922	-0.984404	-0.574204	-0.854329	0.385803	-0.0568857	0.615613	1
27	-0.805626	0.412639	-0.574204	-0.854329	-1.48229	-0.0568857	0.615613	1
28	-0.805626	0.0449963	-0.574204	0.717636	0.385803	-0.0568857	0.615613	1
29	0.566922	-1.64616	-0.574204	0.717636	0.385803	-0.0568857	0.615613	1
30	-0.805626	0.339111	-0.574204	0.717636	-1.48229	-0.0568857	0.615613	1
31	0.566922	-1.27852	-0.574204	-0.854329	0.385803	-0.0568857	0.615613	1
32	1.93947	1.14793	-0.574204	-0.854329	1.31985	-0.0568857	0.615613	2
33	0.566922	-0.469704	-0.574204	0.717636	0.385803	-1.80138	0.615613	1
34	1.93947	1.44204	0.574204	0.717636	-1.48229	-0.0568857	0.615613	0
35	-0.805626	0.118525	0.574204	0.717636	0.385803	-0.0568857	0.615613	1
36	0.566922	-0.616761	0.574204	0.717636	-1.48229	-0.0568857	0.615613	1
37	0.566922	-0.543232	0.574204	-0.854329	0.385803	-0.0568857	0.615613	1
38	-0.805626	-0.0285323	0.574204	0.717636	-1.48229	-0.0568857	0.615613	1
39	-0.805626	0.118525	0.574204	-2.42629	0.385803	-0.929132	-1.33737	0
40	0.566922	-0.249118	0.574204	0.717636	-1.48229	-0.0568857	0.615613	1
41	0.566922	-1.05793	0.574204	0.717636	-1.48229	-0.0568857	0.615613	1
42	0.566922	-1.20499	0.574204	0.717636	1.31985	-0.0568857	0.615613	2
43	1.93947	1.66263	0.574204	0.717636	-1.48229	-0.0568857	0.615613	2
44	0.566922	-1.35205	0.574204	0.717636	0.385803	-0.0568857	0.615613	2
45	-0.805626	0.853811	0.574204	-0.854329	1.31985	-0.0568857	0.615613	2
46	0.566922	-0.837347	0.574204	-0.854329	1.31985	-1.80138	0.615613	0
47	0.566922	-0.763818	0.574204	-0.854329	1.31985	-0.0568857	0.615613	1
48	-0.805626	0.559696	0.574204	0.717636	0.385803	-0.0568857	0.615613	1
49	-0.805626	0.927339	0.574204	0.717636	1.31985	-0.0568857	0.615613	1
50	0.566922	-0.910875	0.574204	-0.854329	-1.48229	-0.0568857	0.615613	2
51	-0.805626	0.633225	0.574204	0.717636	0.385803	-0.0568857	0.615613	1
52	0.566922	-0.69029	0.574204	-0.854329	0.385803	-0.0568857	0.615613	1
53	-0.805626	0.706754	0.574204	-0.854329	1.31985	-0.0568857	0.615613	1
54	0.566922	-1.42558	0.574204	-0.854329	0.385803	-0.0568857	0.615613	1
55	0.566922	-0.322647	0.574204	-0.854329	0.385803	-1.80138	0.615613	2
56	0.566922	-1.57263	0.574204	-0.854329	0.385803	-0.0568857	0.615613	1
57	-0.805626	0.192053	0.574204	-0.854329	-0.548246	1.68761	0.615613	1
58	0.566922	-1.71969	0.574204	-0.854329	0.385803	-1.80138	0.615613	2
59	-2.17817	-1.86675	0.574204	0.717636	0.385803	-1.80138	0.615613	1
60	0.566922	-0.175589	0.574204	0.717636	-1.48229	-1.80138	0.615613	1
61	-0.805626	0.780282	0.574204	0.717636	0.385803	-0.0568857	0.615613	2
62	1.93947	1.73615	0.574204	-0.854329	0.385803	-0.0568857	0.615613	2
63	1.93947	1.29498	0.574204	0.717636	0.385803	-0.0568857	0.615613	2
64	-0.805626	1.00087	0.574204	-0.854329	-1.48229	-1.80138	0.615613	0
65	0.566922	-1.13146	0.574204	-0.854329	1.31985	-1.80138	0.615613	1
66	1.93947	1.14793	0.574204	-0.854329	1.31985	-0.0568857	0.615613	2
67	-0.805626	-0.102061	0.574204	0.717636	0.385803	1.68761	0.615613	2
68	-0.805626	0.853811	0.574204	-0.854329	1.31985	-0.0568857	-1.33737	2
69	-0.805626	0.412639	0.574204	-0.854329	1.31985	-0.0568857	0.615613	1
70	-0.805626	0.339111	0.574204	-3.99826	-1.48229	-1.80138	0.615613	0
71	-0.805626	0.265582	0.574204	0.717636	-0.548246	1.68761	0.615613	1
72	-0.805626	0.486168	0.574204	0.717636	1.31985	1.68761	0.615613	1
73	-0.805626	0.118525	0.574204	0.717636	-0.548246	1.68761	0.615613	1
74	-0.805626	0.0449963	0.574204	0.717636	-0.548246	1.68761	0.615613	1
75	1.93947	1.51557	0.574204	0.717636	0.385803	-0.0568857	0.615613	2
76	-0.805626	0.927339	0.574204	0.717636	0.385803	-1.80138	0.615613	1
77	0.566922	-1.4991	0.574204	0.717636	1.31985	1.68761	-1.33737	1
78	0.566922	-1.79322	0.574204	0.717636	0.385803	1.68761	0.615613	2
79	-0.805626	0.339111	0.574204	0.717636	1.31985	1.68761	0.615613	1
80	0.566922	-0.396175	0.574204	0.717636	1.31985	-0.0568857	0.615613	1
81	-0.805626	-0.0285323	0.574204	0.717636	-0.548246	1.68761	0.615613	1
82	0.566922	-0.616761	0.574204	0.717636	1.31985	-0.0568857	0.615613	1
83	1.93947	1.0744	0.574204	0.717636	0.385803	1.68761	0.615613	2
84	1.93947	1.22145	0.574204	0.717636	0.385803	1.68761	-1.33737	2
85	0.566922	-1.42558	0.574204	0.717636	0.385803	1.68761	0.615613	2
86	0.566922	-1.05793	0.574204	0.717636	0.385803	1.68761	-1.33737	2
87	-0.805626	0.633225	0.574204	0.717636	0.385803	1.68761	0.615613	1
88	-0.805626	1.03763	1.72261	0.717636	0.385803	1.68761	0.615613	1
89	-0.805626	1.05234	1.72261	-0.854329	-0.548246	-0.0568857	0.615613	1
90	-0.805626	0.964104	1.72261	0.717636	0.385803	-0.0568857	-1.33737	1
91	1.93947	1.66263	1.72261	0.717636	1.31985	-0.0568857	0.615613	2
92	-2.17817	1.95674	1.72261	0.717636	-1.48229	-1.80138	0.615613	1
