	f1	f2	f3	f4	f5	f6	f7	f8	f9	f10	f11	f12	f13	f14	clase
1	-0.800471	1.34613	0.542556	-0.915618	-0.347713	-0.190767	-1.04674	-0.86357	-0.493529	1.08712	0.237655	-0.488004	0.0373533	-0.894654	1
2	-0.750696	0.450221	0.542556	0.170375	-0.347713	-0.61509	-1.04674	-0.86357	-0.493529	-0.918529	0.237655	-0.13949	-0.195272	-0.894654	0
3	-0.167735	-0.604384	-1.78269	-0.915618	-0.347713	-0.290872	-1.04674	-0.86357	-0.493529	1.08712	0.237655	0.557539	-0.195272	-0.894654	0
4	-0.835061	1.35417	-1.78269	-0.64412	-0.849641	-0.664395	0.953958	1.15631	1.76848	1.08712	0.237655	-1.06886	-0.195272	1.11613	0
5	-0.961608	0.685248	0.542556	-0.372622	-0.347713	-0.0787105	0.953958	1.15631	2.38539	-0.918529	0.237655	-0.720347	-0.164946	1.11613	1
6	-1.32775	-0.838407	0.542556	0.170375	1.66	-0.216167	0.953958	1.15631	-0.0822548	-0.918529	0.237655	-0.488004	-0.195272	1.11613	0
7	-1.19361	0.349783	0.542556	-1.18712	-0.347713	-0.627042	-1.04674	-0.86357	-0.493529	-0.918529	0.237655	-0.720347	-0.176078	-0.894654	1
8	2.28644	-0.060007	0.542556	0.98487	1.66	0.244013	0.953958	1.15631	0.740293	-0.918529	0.237655	-0.819093	-0.0877882	1.11613	0
9	-0.315373	-0.755042	-1.78269	-1.45861	1.66	0.232061	-1.04674	-0.86357	-0.493529	-0.918529	0.237655	-0.0465528	-0.0922027	-0.894654	1
10	2.04009	0.466292	0.542556	-0.915618	1.66	1.35263	0.953958	1.15631	0.123382	1.08712	0.237655	-0.488004	-0.185675	-0.894654	0
11	0.162976	-0.604384	0.542556	1.79936	1.66	0.680288	0.953958	1.15631	0.329019	1.08712	0.237655	0.400707	-0.0307836	1.11613	1
12	0.831146	0.0484667	0.542556	0.98487	1.66	0.829698	0.953958	1.15631	0.740293	1.08712	0.237655	1.66117	-0.195272	1.11613	1
13	-0.919426	-0.704823	-1.78269	0.170375	1.66	-0.253519	0.953958	1.15631	0.123382	1.08712	0.237655	-0.255661	-0.154965	-0.894654	1
14	0.282774	0.0484667	0.542556	1.79936	1.66	1.57674	0.953958	1.15631	0.740293	1.08712	0.237655	-1.06886	-0.00333688	1.11613	1
15	2.27885	-0.411542	0.542556	0.170375	-0.347713	0.0572519	-1.04674	-0.86357	-0.493529	1.08712	0.237655	0.789882	-0.195272	-0.894654	1
16	1.39302	0.257379	0.542556	-0.915618	-0.347713	-0.652442	-1.04674	-0.86357	-0.493529	-0.918529	0.237655	-1.06886	0.321033	1.11613	1
17	-0.167735	-0.0519719	0.542556	0.441873	-0.347713	1.57674	0.953958	1.15631	-0.0822548	1.08712	0.237655	0.847968	-0.195272	1.11613	1
18	-1.06706	0.851976	0.542556	-0.372622	-0.347713	-0.440281	0.953958	1.15631	-0.0822548	-0.918529	0.237655	-0.557707	-0.0818382	1.11613	0
19	-0.97595	-0.704823	-1.78269	-0.915618	-0.347713	-0.627042	-1.04674	-0.86357	-0.493529	-0.918529	0.237655	-0.255661	-0.194504	-0.894654	1
20	-0.771787	0.18205	0.542556	0.98487	-0.347713	0.108051	0.953958	1.15631	0.94593	-0.918529	0.237655	-0.319556	0.42986	1.11613	0
21	-0.286689	-0.838407	0.542556	-0.372622	-0.347713	-0.652442	-1.04674	-0.86357	-0.493529	-0.918529	0.237655	0.441367	-0.00256914	-0.894654	0
22	-1.04597	-0.838407	-1.78269	-0.372622	-0.347713	-0.489586	0.953958	-0.86357	-0.493529	1.08712	0.237655	-0.13949	-0.195272	-0.894654	0
23	0.810055	-0.687749	0.542556	-1.45861	-0.347713	-0.61509	-1.04674	-0.86357	-0.493529	-0.918529	0.237655	-0.0930214	-0.195272	-0.894654	1
24	0.844644	-0.604384	0.542556	-0.915618	-0.347713	-0.601643	0.953958	-0.86357	-0.493529	-0.918529	0.237655	-0.13949	-0.195272	-0.894654	1
25	-1.01813	0.969489	0.542556	-0.372622	-0.347713	-0.428328	-1.04674	-0.86357	-0.493529	-0.918529	0.237655	-0.604176	-0.128095	-0.894654	1
26	0.0997022	-0.654604	0.542556	1.52787	1.66	0.979107	0.953958	1.15631	0.123382	1.08712	0.237655	-1.06886	-0.195272	1.11613	1
27	-0.765038	-0.93081	-1.78269	-0.915618	-0.347713	-0.627042	-1.04674	-0.86357	-0.493529	-0.918529	0.237655	0.092853	-0.181836	-0.894654	1
28	0.135135	-0.345253	-1.78269	0.170375	1.66	-0.054805	0.953958	1.15631	-0.287892	1.08712	0.237655	-0.0233185	3.26474	1.11613	1
29	-0.0757768	1.45461	0.542556	0.170375	-0.347713	-0.0667578	0.953958	1.15631	-0.287892	-0.918529	0.237655	0.209025	-0.191625	1.11613	0
30	-0.716106	-0.453727	0.542556	0.170375	-0.347713	-0.340177	0.953958	1.15631	1.76848	1.08712	0.237655	-0.720347	0.223914	1.11613	1
31	-0.385396	-0.805262	0.542556	0.170375	1.66	0.605584	0.953958	1.15631	0.123382	1.08712	0.237655	0.743413	-0.166481	1.11613	1
32	-0.940517	1.15329	-1.78269	1.79936	1.66	-0.664395	-1.04674	-0.86357	-0.493529	1.08712	0.237655	-0.174341	-0.18913	-0.894654	0
33	1.75157	-0.679713	-1.78269	0.170375	1.66	2.16243	0.953958	-0.86357	-0.493529	1.08712	0.237655	0.092853	-0.176078	-0.894654	1
34	-0.716106	1.35417	0.542556	0.441873	1.66	-0.0294055	0.953958	1.15631	1.76848	1.08712	0.237655	0.615625	-0.140762	1.11613	1
35	0.9501	-0.704823	0.542556	-0.101123	-0.347713	3.48171	-1.04674	1.15631	-0.287892	1.08712	0.237655	0.975756	-0.173775	-0.894654	1
36	3.64978	2.86075	-1.78269	-1.73011	-1.8535	-0.652442	-1.04674	1.15631	-0.0822548	-0.918529	0.237655	-1.06886	-0.127903	-0.894654	1
37	-0.554126	1.55505	0.542556	-0.372622	-0.347713	0.232061	0.953958	-0.86357	-0.493529	1.08712	-3.10892	-0.95269	-0.195272	1.11613	1
38	0.675914	1.83929	0.542556	0.441873	-0.347713	1.91291	0.953958	1.15631	0.740293	1.08712	0.237655	-0.662262	-0.195272	1.11613	1
39	1.36518	0.651099	0.542556	0.170375	-0.347713	1.6888	0.953958	1.15631	0.740293	1.08712	0.237655	-1.06886	0.0465662	1.11613	0
40	1.33734	-0.353288	0.542556	1.79936	-0.347713	3.48171	0.953958	1.15631	-0.0822548	1.08712	0.237655	1.94579	0.131785	1.11613	0
41	-0.708513	-0.95592	0.542556	1.52787	-0.347713	-0.638995	0.953958	-0.86357	-0.493529	-0.918529	0.237655	-1.06886	-0.195272	1.11613	1
42	-0.758289	-0.654604	-1.78269	-0.372622	-0.347713	-0.503033	-1.04674	-0.86357	-0.493529	1.08712	0.237655	-0.371833	-0.182412	-0.894654	1
43	-0.406487	-0.729933	0.542556	1.79936	1.66	-0.290872	0.953958	-0.86357	-0.493529	-0.918529	0.237655	-1.06886	0.821599	1.11613	1
44	2.67958	-0.847446	0.542556	0.170375	-0.347713	-0.489586	0.953958	1.15631	0.123382	1.08712	0.237655	-0.0233185	-0.195272	-0.894654	1
45	-0.659582	-0.872556	-1.78269	0.170375	-0.347713	-0.652442	-1.04674	1.15631	-0.0822548	-0.918529	0.237655	-0.325364	-0.19412	-0.894654	1
46	-0.912676	1.10307	0.542556	0.98487	-0.347713	-0.452234	0.953958	1.15631	-0.0822548	1.08712	0.237655	-0.784242	-0.195272	1.11613	0
47	-0.596308	-0.604384	-1.78269	0.170375	-0.347713	-0.61509	-1.04674	-0.86357	-0.493529	-0.918529	0.237655	-0.30213	-0.195272	-0.894654	0
48	-1.29907	-0.947885	0.542556	0.170375	-0.347713	-0.652442	-1.04674	-0.86357	-0.493529	-0.918529	0.237655	-1.06886	-0.195272	1.11613	1
49	-0.174484	-0.554165	-1.78269	0.713372	1.66	-0.0667578	-1.04674	-0.86357	-0.493529	-0.918529	0.237655	0.418133	-0.192009	-0.894654	0
50	1.79375	2.05724	0.542556	0.170375	-0.347713	0.979107	0.953958	1.15631	2.38539	-0.918529	0.237655	-1.06886	0.226985	1.11613	0
51	0.0642689	-0.252849	0.542556	-0.915618	-0.347713	-0.514985	-1.04674	-0.86357	-0.493529	1.08712	0.237655	0.278727	-0.195272	-0.894654	1
52	-0.884836	-0.127301	-1.78269	-1.18712	1.66	-0.652442	-1.04674	-0.86357	-0.493529	-0.918529	0.237655	-0.255661	-0.176078	-0.894654	1
53	-0.286689	-0.93081	-1.78269	-0.915618	-0.347713	-0.638995	-1.04674	-0.86357	-0.493529	-0.918529	0.237655	0.18579	0.207791	-0.894654	1
54	-1.06031	-0.604384	-1.78269	0.170375	-0.347713	0.0333464	-1.04674	-0.86357	-0.493529	1.08712	0.237655	-0.418302	-0.19412	-0.894654	1
55	-0.336464	-0.303069	-1.78269	0.98487	1.66	0.855097	-1.04674	1.15631	-0.0822548	1.08712	0.237655	1.0745	-0.19508	-0.894654	1
56	-0.315373	-0.654604	0.542556	0.441873	-0.347713	-0.0667578	0.953958	1.15631	1.76848	1.08712	0.237655	1.45206	-0.188554	1.11613	1
57	0.711348	0.349783	0.542556	-0.372622	0.154216	0.38147	0.953958	1.15631	-0.287892	-0.918529	0.237655	-1.06886	-0.0993043	1.11613	1
58	0.486093	-0.453727	0.542556	-1.18712	1.66	-0.601643	-1.04674	-0.86357	-0.493529	-0.918529	0.237655	0.441367	-0.148056	-0.894654	0
59	0.92226	0.0313922	-1.78269	0.441873	-0.347713	0.281366	0.953958	-0.86357	-0.493529	1.08712	0.237655	-0.766816	0.0814983	1.11613	1
60	2.12446	1.50483	0.542556	-0.101123	-0.347713	-0.290872	0.953958	1.15631	0.329019	1.08712	0.237655	0.092853	-0.195272	1.11613	1
61	0.978784	0.0484667	0.542556	-1.18712	0.154216	0.00794684	-1.04674	-0.86357	-0.493529	1.08712	0.237655	-0.249853	-0.195272	-0.894654	1
62	-0.659582	-0.813297	0.542556	0.441873	-0.347713	-0.58969	-1.04674	1.15631	-0.287892	1.08712	0.237655	0.325196	-0.194504	-0.894654	0
63	-1.1025	-0.554165	0.542556	-1.18712	-0.347713	-0.216167	0.953958	1.15631	-0.0822548	-0.918529	0.237655	-0.371833	-0.137691	1.11613	1
64	0.78137	-0.252849	0.542556	-1.18712	0.154216	-0.514985	-1.04674	-0.86357	-0.493529	-0.918529	-3.10892	5.66908	-0.195272	-0.894654	0
65	-0.596308	-0.855481	0.542556	0.98487	1.66	-0.216167	0.953958	-0.86357	-0.493529	-0.918529	0.237655	0.557539	-0.0371174	1.11613	0
66	0.880077	1.01067	0.542556	1.79936	1.66	1.7142	0.953958	1.15631	1.15157	-0.918529	0.237655	-1.06886	-0.195272	1.11613	1
67	-1.01813	-0.922775	0.542556	0.98487	-0.347713	-0.652442	-1.04674	-0.86357	-0.493529	1.08712	0.237655	1.1384	-0.195272	-0.894654	0
68	-0.849403	1.35417	0.542556	-1.18712	-0.347713	-0.514985	0.953958	-0.86357	-0.493529	1.08712	0.237655	-0.488004	-0.18222	-0.894654	1
69	-0.0268452	-0.386433	0.542556	-1.73011	-1.8535	-0.664395	-1.04674	1.15631	0.534656	-0.918529	0.237655	-0.0465528	-0.167249	-0.894654	1
70	-0.364305	-0.637529	0.542556	1.52787	1.66	-0.116063	0.953958	1.15631	1.97411	1.08712	0.237655	2.31754	-0.0584222	1.11613	1
71	1.44954	4.33418	-1.78269	-1.73011	-1.8535	-0.664395	0.953958	-0.86357	-0.493529	1.08712	0.237655	-1.06886	-0.195272	-0.894654	1
72	-0.096868	-0.679713	0.542556	0.441873	1.66	-0.652442	-1.04674	1.15631	0.123382	-0.918529	0.237655	-1.06886	-0.188938	-0.894654	0
73	-0.181233	-0.704823	0.542556	0.441873	-0.347713	-0.141462	-1.04674	-0.86357	-0.493529	-0.918529	0.237655	0.092853	-0.195272	-0.894654	1
74	-0.27994	0.0565018	-1.78269	0.170375	0.154216	-0.216167	0.953958	1.15631	1.15157	1.08712	0.237655	-0.232427	-0.193928	1.11613	1
75	0.732439	3.36294	0.542556	0.713372	2.16193	5.31197	0.953958	1.15631	1.76848	-0.918529	0.237655	-1.06886	0.0350501	1.11613	1
76	0.41607	-0.102191	0.542556	0.98487	-0.347713	0.38147	-1.04674	-0.86357	-0.493529	-0.918529	0.237655	1.56823	-0.185675	-0.894654	1
77	-0.505194	-0.888626	0.542556	-0.915618	1.66	0.38147	-1.04674	-0.86357	-0.493529	1.08712	0.237655	0.906053	-0.195272	-0.894654	1
78	-0.146643	-0.252849	0.542556	0.170375	-0.347713	-0.61509	-1.04674	-0.86357	-0.493529	-0.918529	0.237655	0.18579	-0.195272	-0.894654	1
79	-0.716106	-0.95592	0.542556	-0.915618	-0.347713	-0.365576	-1.04674	1.15631	1.76848	-0.918529	-3.10892	-1.06886	-0.195272	-0.894654	1
80	0.0507705	-0.662639	0.542556	0.441873	-0.347713	-0.340177	0.953958	1.15631	2.79666	-0.918529	0.237655	-0.371833	0.203761	1.11613	0
81	-0.539784	-0.252849	0.542556	1.52787	-0.347713	-0.477633	0.953958	1.15631	0.94593	-0.918529	0.237655	-1.06886	1.1596	1.11613	1
82	0.303865	-0.20263	0.542556	-1.73011	-1.8535	-0.664395	-1.04674	1.15631	0.740293	-0.918529	0.237655	-1.06886	-0.156885	-0.894654	0
83	-1.09575	1.05285	0.542556	-1.45861	-0.347713	-0.540385	-1.04674	-0.86357	-0.493529	-0.918529	0.237655	-0.604176	-0.18721	-0.894654	0
84	0.704598	0.0484667	0.542556	-1.18712	0.154216	-0.601643	-1.04674	-0.86357	-0.493529	-0.918529	0.237655	2.12585	-0.195272	-0.894654	1
85	-0.687422	-0.755042	0.542556	0.170375	-0.347713	-0.514985	-1.04674	-0.86357	-0.493529	1.08712	-3.10892	0.557539	-0.195272	-0.894654	1
86	0.507185	-0.95592	0.542556	0.170375	-0.347713	-0.664395	-1.04674	-0.86357	-0.493529	-0.918529	3.58423	-8.41822e-05	-0.195272	1.11613	1
87	-0.575217	1.78907	0.542556	0.98487	1.66	-0.216167	-1.04674	-0.86357	-0.493529	-0.918529	0.237655	0.557539	-0.19508	-0.894654	0
88	1.3019	1.65549	0.542556	-1.18712	0.154216	0.879003	0.953958	1.15631	1.3572	1.08712	0.237655	-1.06886	-0.195272	1.11613	0
89	0.2195	0.0986861	0.542556	0.441873	-0.347713	-0.638995	-1.04674	-0.86357	-0.493529	1.08712	0.237655	0.615625	-0.19412	1.11613	1
90	-0.792878	-0.838407	-1.78269	-1.73011	-1.8535	-0.664395	-1.04674	-0.86357	-0.493529	-0.918529	0.237655	-0.488004	-0.195272	-0.894654	1
91	-0.322122	-0.696788	0.542556	-0.915618	1.66	-0.58969	-1.04674	-0.86357	-0.493529	1.08712	-3.10892	-0.255661	-0.195272	-0.894654	1
92	0.943351	-0.135336	0.542556	-0.372622	-0.347713	-0.652442	-1.04674	-0.86357	-0.493529	-0.918529	0.237655	-0.441536	-0.176078	-0.894654	1
93	-0.244507	1.9568	0.542556	-1.45861	-0.347713	-0.627042	-1.04674	-0.86357	-0.493529	-0.918529	0.237655	-1.06886	-0.140378	-0.894654	1
94	0.394979	0.0484667	0.542556	0.170375	0.154216	0.0826515	0.953958	1.15631	0.740293	-0.918529	0.237655	-1.06886	-0.124832	1.11613	1
95	-1.13034	1.05285	-1.78269	0.98487	1.66	-0.61509	-1.04674	-0.86357	-0.493529	-0.918529	0.237655	0.906053	-0.195272	-0.894654	0
96	-0.870494	-0.654604	0.542556	0.441873	-0.347713	-0.216167	-1.04674	-0.86357	-0.493529	-0.918529	0.237655	-0.197576	-0.193736	1.11613	1
97	0.620234	-0.621459	0.542556	-0.372622	-0.347713	-0.58969	-1.04674	-0.86357	-0.493529	-0.918529	0.237655	-1.06886	-0.120417	-0.894654	0
98	0.0220865	-0.947885	-1.78269	-0.101123	-0.347713	-0.652442	-1.04674	-0.86357	-0.493529	-0.918529	0.237655	-1.06886	-0.195272	-0.894654	1
99	-1.2012	0.952415	0.542556	-0.372622	-0.347713	-0.141462	-1.04674	1.15631	1.56284	1.08712	0.237655	-1.06886	-0.193352	-0.894654	0
100	-0.940517	-0.788187	0.542556	0.98487	-0.347713	-0.190767	0.953958	1.15631	-0.287892	-0.918529	0.237655	-1.06886	-0.195272	1.11613	0
101	0.633732	-0.152411	0.542556	0.170375	-0.347713	0.232061	-1.04674	-0.86357	-0.493529	-0.918529	0.237655	1.71925	-0.195272	-0.894654	0
102	0.599142	-0.913736	0.542556	-0.915618	-0.347713	-0.638995	0.953958	-0.86357	-0.493529	1.08712	0.237655	0.557539	-0.195272	1.11613	1
103	-0.328871	1.80614	0.542556	0.441873	-0.347713	1.05381	0.953958	-0.86357	-0.493529	1.08712	0.237655	1.75991	-0.0993043	1.11613	1
104	-0.322122	-0.838407	-1.78269	1.52787	-0.347713	-0.58969	0.953958	1.15631	-0.0822548	-0.918529	0.237655	0.441367	-0.0993043	1.11613	1
105	-1.06031	-0.95592	-1.78269	-1.73011	-1.8535	-0.664395	-1.04674	1.15631	0.329019	-0.918529	0.237655	-0.807476	-0.19508	-0.894654	1
106	-0.554126	-0.780152	0.542556	1.79936	1.66	-0.353624	0.953958	-0.86357	-0.493529	1.08712	0.237655	-0.13949	0.929466	1.11613	0
107	-0.328871	-0.554165	0.542556	1.79936	1.66	-0.365576	0.953958	1.15631	0.329019	-0.918529	0.237655	-0.255661	1.25268	1.11613	1
108	-0.786129	0.851976	0.542556	-0.372622	-0.347713	-0.638995	-1.04674	-0.86357	-0.493529	-0.918529	0.237655	-1.06886	-0.195272	-0.894654	1
109	1.54065	1.773	0.542556	-0.915618	1.66	1.87556	0.953958	-0.86357	-0.493529	1.08712	0.237655	-1.06886	-0.195272	1.11613	0
110	0.0642689	-0.453727	0.542556	0.170375	-0.347713	-0.290872	-1.04674	-0.86357	-0.493529	1.08712	0.237655	0.557539	-0.195272	-0.894654	1
111	0.563709	1.07796	-1.78269	-0.915618	-0.347713	-0.627042	-1.04674	-0.86357	-0.493529	-0.918529	0.237655	-0.13949	-0.195272	-0.894654	1
112	1.32974	0.349783	0.542556	0.170375	-0.347713	-0.365576	-1.04674	-0.86357	-0.493529	1.08712	0.237655	-1.06886	-0.151511	-0.894654	1
113	-0.315373	-0.152411	-1.78269	-1.18712	1.66	1.05381	0.953958	1.15631	-0.0822548	1.08712	0.237655	-0.633219	-0.195272	-0.894654	1
114	0.352797	-0.772117	0.542556	-0.372622	-0.347713	-0.440281	0.953958	1.15631	0.329019	-0.918529	0.237655	-1.06886	0.108561	1.11613	0
115	0.169725	-0.9057	0.542556	-1.18712	0.154216	0.530879	-1.04674	-0.86357	-0.493529	1.08712	-3.10892	1.37074	-0.195272	-0.894654	1
116	0.211907	-0.93985	-1.78269	-0.101123	0.154216	-0.652442	0.953958	1.15631	-0.287892	1.08712	0.237655	0.557539	0.188598	1.11613	1
117	-0.912676	1.12015	0.542556	1.52787	1.66	-0.564291	0.953958	1.15631	-0.287892	1.08712	0.237655	-0.604176	-0.185675	1.11613	0
118	0.135135	-0.755042	0.542556	1.79936	-0.347713	-0.440281	0.953958	1.15631	0.94593	1.08712	0.237655	0.906053	0.586095	1.11613	1
119	-0.743947	1.25373	0.542556	0.98487	-0.347713	0.0826515	0.953958	1.15631	0.94593	1.08712	0.237655	-0.488004	-0.0399964	1.11613	1
120	1.44954	0.751537	0.542556	0.170375	1.66	3.07084	0.953958	1.15631	1.3572	-0.918529	0.237655	-0.0175099	0.12238	1.11613	1
121	0.760279	0.0484667	0.542556	0.170375	-0.347713	0.829698	0.953958	1.15631	0.94593	-0.918529	0.237655	-1.06886	0.393008	1.11613	1
122	-0.919426	-0.788187	-1.78269	0.170375	-0.347713	-0.0667578	-1.04674	-0.86357	-0.493529	1.08712	-3.10892	0.325196	-0.195272	-0.894654	1
123	0.605891	-0.654604	0.542556	-1.73011	-1.8535	-0.664395	-1.04674	-0.86357	-0.493529	-0.918529	0.237655	-0.62741	-0.195272	-0.894654	0
124	2.1523	2.96119	0.542556	0.170375	-0.347713	0.979107	0.953958	1.15631	0.94593	-0.918529	0.237655	-1.06886	0.380533	1.11613	0
125	-0.0268452	-0.20263	0.542556	1.52787	1.66	-0.477633	0.953958	1.15631	1.3572	1.08712	0.237655	-0.0175099	-0.195272	1.11613	0
126	-0.80722	-0.797227	0.542556	0.441873	-0.347713	-0.577737	-1.04674	1.15631	-0.287892	-0.918529	0.237655	1.37074	-0.140954	-0.894654	1
127	2.25776	1.05285	0.542556	0.98487	-0.347713	0.530879	0.953958	1.15631	2.38539	-0.918529	0.237655	-1.06886	0.112208	1.11613	0
128	-0.223415	-0.880591	0.542556	0.170375	-0.347713	-0.577737	-1.04674	-0.86357	-0.493529	-0.918529	0.237655	0.209025	-0.168401	-0.894654	1
129	1.21754	-0.152411	0.542556	-0.64412	-0.849641	-0.664395	0.953958	-0.86357	-0.493529	-0.918529	0.237655	-0.488004	-0.0110143	1.11613	0
130	-0.891585	-0.353288	-1.78269	-1.45861	-0.347713	-0.340177	0.953958	1.15631	1.15157	1.08712	0.237655	-0.13949	-0.19508	1.11613	1
131	-0.575217	1.55505	0.542556	-0.372622	-0.347713	-0.216167	0.953958	1.15631	1.97411	1.08712	0.237655	-0.371833	-0.0864447	1.11613	0
132	-0.905927	-0.855481	-1.78269	0.713372	-1.35157	-0.365576	-1.04674	-0.86357	-0.493529	-0.918529	0.237655	0.441367	-0.195272	-0.894654	0
133	-0.589559	1.75592	-1.78269	-1.73011	-1.8535	-0.664395	-1.04674	-0.86357	-0.493529	-0.918529	0.237655	-8.41822e-05	-0.195272	-0.894654	1
134	-0.427578	-0.411542	-1.78269	0.170375	-0.347713	-0.638995	-1.04674	-0.86357	-0.493529	-0.918529	-3.10892	-0.604176	-0.195272	-0.894654	0
135	0.788963	-0.788187	0.542556	-1.73011	-1.8535	-0.664395	0.953958	-0.86357	-0.493529	-0.918529	0.237655	-0.313747	-0.19508	-0.894654	1
136	0.570458	-0.0690465	0.542556	0.170375	-0.347713	-0.627042	-1.04674	-0.86357	-0.493529	-0.918529	0.237655	-0.13949	-0.195272	-0.894654	0
137	-1.01138	-0.838407	0.542556	-1.73011	-1.8535	-0.664395	-1.04674	1.15631	0.123382	-0.918529	0.237655	0.964139	-0.0476738	-0.894654	1
138	0.648074	0.952415	0.542556	-0.101123	-0.347713	1.27793	0.953958	1.15631	2.38539	-0.918529	0.237655	0.325196	0.688972	1.11613	1
139	-0.490852	-0.855481	0.542556	0.170375	-0.347713	-0.22812	0.953958	1.15631	0.534656	1.08712	0.237655	0.743413	-0.195272	1.11613	1
140	1.22429	-0.353288	0.542556	0.170375	-0.347713	0.0452991	0.953958	1.15631	1.15157	1.08712	0.237655	1.23133	0.602985	1.11613	0
141	-1.00379	1.05285	-1.78269	-0.915618	1.66	-0.414881	0.953958	-0.86357	-0.493529	1.08712	0.237655	-0.255661	-0.195272	-0.894654	1
142	-0.786129	-0.704823	-1.78269	-1.73011	-1.8535	0.306765	-1.04674	-0.86357	-0.493529	-0.918529	0.237655	0.557539	-0.195272	-0.894654	0
143	-1.07466	-0.244814	-1.78269	-1.73011	-1.8535	-0.664395	-1.04674	-0.86357	-0.493529	1.08712	0.237655	-0.0233185	-0.19508	-0.894654	1
144	2.74285	3.06163	0.542556	1.79936	1.66	4.56493	0.953958	1.15631	1.3572	1.08712	0.237655	-1.06886	-0.00333688	1.11613	1
145	-1.27123	-0.704823	0.542556	0.98487	-0.347713	-0.58969	-1.04674	1.15631	-0.287892	-0.918529	0.237655	-0.441536	-0.176462	-0.894654	0
146	3.13009	2.05724	0.542556	0.713372	2.16193	-0.664395	0.953958	1.15631	2.38539	-0.918529	0.237655	-1.06886	0.4527	1.11613	0
147	3.81176	3.52164	0.542556	0.713372	2.16193	3.14554	0.953958	1.15631	-0.287892	1.08712	0.237655	-1.06886	-0.174351	1.11613	1
148	-1.32016	-0.378398	0.542556	0.98487	-0.347713	-0.638995	-1.04674	-0.86357	-0.493529	-0.918529	0.237655	-0.371833	-0.195272	-0.894654	0
149	0.275181	-0.152411	0.542556	-1.45861	0.154216	3.07084	0.953958	-0.86357	-0.493529	1.08712	0.237655	-8.41822e-05	-0.195272	-0.894654	1
150	1.33734	0.651099	0.542556	0.713372	0.154216	1.27793	0.953958	1.15631	0.740293	-0.918529	0.237655	1.10935	9.6126	1.11613	0
151	-0.708513	-0.95592	0.542556	0.170375	-0.347713	-0.664395	-1.04674	-0.86357	-0.493529	-0.918529	3.58423	-8.41822e-05	-0.195272	1.11613	1
152	1.14751	-0.654604	0.542556	0.170375	-0.347713	0.0826515	0.953958	-0.86357	-0.493529	1.08712	0.237655	-0.255661	-0.195272	-0.894654	1
153	-1.38343	0.450221	0.542556	0.713372	-0.347713	-0.365576	-1.04674	-0.86357	-0.493529	-0.918529	0.237655	2.41628	-0.195272	-0.894654	1
154	-1.07466	-0.872556	-1.78269	0.170375	-0.347713	-0.61509	-1.04674	1.15631	-0.287892	-0.918529	0.237655	0.092853	-0.19508	-0.894654	1
155	1.76591	0.349783	0.542556	-0.915618	-0.347713	1.21517	0.953958	1.15631	2.59103	-0.918529	0.237655	-1.06886	1.95478	1.11613	1
156	-1.04597	-0.95592	-1.78269	-0.101123	0.154216	-0.664395	-1.04674	-0.86357	-0.493529	1.08712	-3.10892	1.83543	-0.19508	1.11613	1
157	-1.14468	-0.922775	0.542556	0.98487	1.15807	-0.601643	-1.04674	-0.86357	-0.493529	-0.918529	0.237655	0.092853	-0.187594	1.11613	1
158	0.500435	-0.788187	0.542556	0.713372	-0.347713	-0.652442	-1.04674	-0.86357	-0.493529	-0.918529	0.237655	-0.371833	-0.194312	-0.894654	1
159	-0.750696	-0.637529	-1.78269	0.441873	-0.347713	0.25746	0.953958	1.15631	0.740293	-0.918529	0.237655	-0.604176	-0.195272	1.11613	1
160	1.37192	-0.119266	0.542556	1.79936	0.154216	-0.638995	-1.04674	-0.86357	-0.493529	1.08712	0.237655	1.9516	-0.195272	-0.894654	1
161	0.211907	-0.453727	0.542556	0.170375	-0.347713	-0.365576	-1.04674	-0.86357	-0.493529	-0.918529	0.237655	1.60308	-0.192201	-0.894654	1
162	0.127543	-0.629494	0.542556	-1.45861	-0.347713	-0.503033	-1.04674	-0.86357	-0.493529	1.08712	0.237655	-1.06886	-0.195272	-0.894654	0
163	0.971191	-0.880591	-1.78269	0.170375	-0.347713	-0.552338	0.953958	1.15631	1.15157	1.08712	0.237655	0.67371	-0.164178	1.11613	1
164	0.247341	-0.144375	-1.78269	-1.18712	0.154216	1.87556	0.953958	1.15631	0.94593	1.08712	0.237655	0.0638101	-0.195272	1.11613	1
165	0.943351	-0.353288	0.542556	-1.18712	0.154216	-0.365576	0.953958	-0.86357	-0.493529	-0.918529	0.237655	-1.06886	-0.156885	-0.894654	1
166	-1.12359	-0.922775	0.542556	-1.45861	-0.347713	-0.58969	-1.04674	-0.86357	-0.493529	1.08712	-3.10892	0.557539	-0.195272	-0.894654	1
167	-0.716106	-0.453727	0.542556	-1.73011	-1.8535	-0.638995	-1.04674	-0.86357	-0.493529	1.08712	0.237655	-0.488004	0.61239	-0.894654	1
168	-0.765038	0.743502	-1.78269	1.79936	-0.347713	0.0706987	-1.04674	-0.86357	-0.493529	-0.918529	0.237655	-0.116256	-0.195272	1.11613	0
169	-1.15143	-0.91474	0.542556	-0.372622	-0.347713	-0.652442	-1.04674	-0.86357	-0.493529	-0.918529	0.237655	0.557539	-0.0513206	-0.894654	1
170	-1.10925	1.13622	-1.78269	-0.372622	-0.347713	-0.627042	0.953958	-0.86357	-0.493529	-0.918529	0.237655	-0.371833	-0.123296	-0.894654	1
171	-0.328871	-0.654604	0.542556	-0.101123	-0.347713	-0.0667578	0.953958	-0.86357	-0.493529	-0.918529	-3.10892	1.06869	-0.195272	-0.894654	0
172	-1.06706	0.902195	-1.78269	0.170375	-0.347713	-0.365576	0.953958	1.15631	0.329019	1.08712	0.237655	-0.604176	-0.0993043	1.11613	0
173	-0.750696	-0.805262	0.542556	-1.18712	-0.347713	-0.190767	-1.04674	1.15631	-0.287892	1.08712	0.237655	1.25457	-0.193544	-0.894654	1
174	2.60956	1.60527	-1.78269	0.170375	1.66	0.829698	0.953958	-0.86357	-0.493529	-0.918529	0.237655	-0.418302	-0.195272	-0.894654	1
175	-0.680673	0.851976	0.542556	0.98487	-0.347713	1.87556	0.953958	1.15631	0.534656	1.08712	0.237655	-0.371833	-0.195272	1.11613	0
176	0.310614	-0.320143	0.542556	1.79936	1.66	0.456175	0.953958	-0.86357	-0.493529	1.08712	0.237655	2.88097	-0.195272	-0.894654	1
177	2.13121	-0.102191	-1.78269	-1.73011	-1.8535	0.829698	-1.04674	-0.86357	-0.493529	1.08712	0.237655	-1.06886	-0.194504	-0.894654	0
178	1.83593	-0.922775	0.542556	-1.73011	-1.8535	-0.664395	-1.04674	-0.86357	-0.493529	1.08712	-3.10892	-0.70873	-0.190089	-0.894654	0
179	0.810055	-0.144375	0.542556	1.52787	1.66	1.42733	0.953958	1.15631	1.15157	-0.918529	0.237655	0.789882	-0.195272	1.11613	1
180	0.894419	0.0565018	0.542556	0.98487	1.66	3.14554	0.953958	-0.86357	-0.493529	1.08712	0.237655	-0.534473	-0.195272	1.11613	1
181	0.810055	-0.704823	-1.78269	0.441873	-0.347713	-0.58969	-1.04674	-0.86357	-0.493529	-0.918529	0.237655	-1.06886	-0.157844	-0.894654	1
182	0.184067	-0.805262	0.542556	-0.915618	0.154216	-0.365576	0.953958	1.15631	0.123382	1.08712	0.237655	0.162556	-0.195272	-0.894654	0
183	-0.497601	1.55505	0.542556	1.52787	-0.347713	-0.302824	0.953958	1.15631	13.2841	1.08712	0.237655	-0.255661	-0.145753	1.11613	1
184	-0.61065	0.374892	-1.78269	-1.45861	-0.347713	0.979107	0.953958	-0.86357	-0.493529	1.08712	-3.10892	-0.488004	-0.195272	1.11613	1
185	-0.695015	1.37928	-1.78269	0.441873	-0.347713	-0.414881	0.953958	-0.86357	-0.493529	1.08712	0.237655	-0.13949	-0.137691	1.11613	1
186	-0.0757768	-0.453727	0.542556	1.52787	1.66	0.00794684	-1.04674	-0.86357	-0.493529	1.08712	-3.10892	0.906053	-0.195272	-0.894654	1
187	0.472595	-0.152411	0.542556	0.170375	0.154216	0.829698	0.953958	-0.86357	-0.493529	1.08712	-3.10892	0.557539	-0.195272	-0.894654	1
188	-0.44867	-0.646569	0.542556	0.441873	-0.347713	-0.627042	-1.04674	-0.86357	-0.493529	-0.918529	0.237655	-0.488004	-0.195272	-0.894654	1
189	-0.153392	-0.822336	0.542556	0.441873	-0.347713	-0.58969	-1.04674	-0.86357	-0.493529	1.08712	0.237655	0.67371	-0.195272	-0.894654	0
190	-0.722855	-0.58731	0.542556	-0.64412	-0.849641	-0.664395	-1.04674	1.15631	-0.287892	-0.918529	0.237655	0.092853	-0.185099	-0.894654	0
191	-1.20795	-0.353288	0.542556	-0.915618	-0.347713	-0.652442	-1.04674	-0.86357	-0.493529	1.08712	0.237655	-0.13949	-0.187594	-0.894654	1
192	-0.195575	2.01506	0.542556	-0.372622	-0.347713	0.84165	0.953958	1.15631	0.534656	1.08712	0.237655	-0.0930214	-0.195272	1.11613	1
193	-0.252099	-0.244814	0.542556	-1.18712	0.154216	-0.514985	0.953958	-0.86357	-0.493529	1.08712	0.237655	-0.0755957	-0.195272	-0.894654	0
194	0.25409	-0.95592	0.542556	0.170375	-0.347713	-0.664395	-1.04674	-0.86357	-0.493529	-0.918529	3.58423	-8.41822e-05	-0.195272	-0.894654	1
195	-0.687422	-0.838407	0.542556	0.170375	1.66	-0.638995	0.953958	-0.86357	-0.493529	-0.918529	0.237655	-0.0233185	-0.195272	-0.894654	1
196	-0.554126	1.30395	0.542556	0.170375	-0.347713	0.0826515	0.953958	1.15631	3.0023	-0.918529	0.237655	0.092853	0.0365856	1.11613	1
197	-1.08141	0.55066	0.542556	0.98487	-0.347713	0.145403	0.953958	1.15631	0.534656	-0.918529	0.237655	-8.41822e-05	4.93438	1.11613	0
198	-1.2223	-0.9057	0.542556	0.98487	-0.347713	-0.564291	-1.04674	1.15631	0.329019	-0.918529	0.237655	-0.13949	-0.193736	-0.894654	1
199	-1.30666	-0.888626	0.542556	-1.73011	-1.8535	-0.664395	-1.04674	1.15631	-0.287892	-0.918529	0.237655	-0.13949	-0.171088	-0.894654	0
200	0.114044	-0.453727	0.542556	-0.372622	-0.347713	-0.141462	-1.04674	1.15631	-0.0822548	1.08712	0.237655	3.11331	-0.195272	-0.894654	1
201	-0.94811	1.05285	0.542556	0.170375	1.66	-0.365576	0.953958	1.15631	0.329019	-0.918529	0.237655	-0.778433	0.0859128	1.11613	0
202	-0.828312	-0.604384	-1.78269	-0.64412	-0.849641	-0.664395	-1.04674	-0.86357	-0.493529	-0.918529	0.237655	-0.13949	-0.195272	-0.894654	0
203	0.135135	-0.747007	0.542556	1.25637	1.66	1.27793	0.953958	-0.86357	-0.493529	1.08712	0.237655	-0.116256	5.80941	1.11613	1
204	-0.526285	-0.537091	0.542556	0.170375	1.66	0.157356	0.953958	-0.86357	-0.493529	1.08712	0.237655	1.02222	-0.19508	-0.894654	0
205	-0.575217	-0.353288	0.542556	0.98487	1.66	-0.116063	0.953958	1.15631	3.41357	-0.918529	0.237655	-1.06886	-0.0993043	1.11613	0
206	-0.0622784	-0.95592	0.542556	0.441873	-0.347713	-0.290872	0.953958	1.15631	-0.287892	-0.918529	0.237655	0.10447	-0.195272	1.11613	1
207	-0.912676	0.0655413	-1.78269	-0.64412	-0.347713	-0.577737	-1.04674	-0.86357	-0.493529	-0.918529	0.237655	-0.255661	-0.159956	-0.894654	1
208	0.739188	0.676208	-1.78269	-0.915618	-0.347713	-0.61509	-1.04674	1.15631	-0.0822548	-0.918529	0.237655	-8.41822e-05	-0.191817	-0.894654	0
209	-0.181233	-0.704823	0.542556	0.170375	1.66	-0.58969	-1.04674	1.15631	-0.0822548	1.08712	0.237655	1.25457	-0.174543	-0.894654	1
210	0.788963	-0.855481	-1.78269	-0.101123	-0.347713	-0.514985	-1.04674	-0.86357	-0.493529	1.08712	0.237655	-0.313747	-0.195272	-0.894654	1
211	-0.174484	-0.863516	0.542556	-0.915618	-0.347713	-0.503033	0.953958	1.15631	0.329019	-0.918529	0.237655	1.1384	-0.0993043	1.11613	0
212	1.92789	-0.855481	-1.78269	-0.915618	1.66	0.518926	0.953958	-0.86357	-0.493529	-0.918529	0.237655	-0.0233185	-0.135004	1.11613	1
213	0.205158	0.148905	-1.78269	0.170375	-0.347713	-0.216167	-1.04674	-0.86357	-0.493529	1.08712	0.237655	-0.720347	-0.195272	-0.894654	1
214	-0.554126	1.45461	0.542556	-0.915618	-0.347713	0.00794684	0.953958	1.15631	-0.0822548	1.08712	0.237655	-0.371833	-0.194312	-0.894654	1
215	-0.420829	-0.445691	-1.78269	-1.73011	-1.8535	-0.664395	-1.04674	-0.86357	-0.493529	1.08712	0.237655	-0.0233185	-0.183756	-0.894654	0
216	0.127543	-0.0268622	0.542556	0.98487	1.66	-0.178815	0.953958	1.15631	-0.0822548	-0.918529	0.237655	-1.06886	-0.195272	1.11613	0
217	0.177318	-0.52102	0.542556	0.170375	-0.347713	-0.216167	-1.04674	-0.86357	-0.493529	-0.918529	3.58423	-0.371833	-0.195272	-0.894654	1
218	0.38823	0.148905	0.542556	-1.18712	0.154216	0.829698	-1.04674	-0.86357	-0.493529	-0.918529	0.237655	0.150939	-0.0634125	-0.894654	1
219	-1.01813	-0.897665	0.542556	-0.915618	-0.347713	-0.577737	-1.04674	-0.86357	-0.493529	-0.918529	0.237655	0.557539	-0.125407	-0.894654	1
220	-0.624149	-0.780152	0.542556	0.98487	-0.347713	0.717641	0.953958	1.15631	-0.0822548	1.08712	0.237655	1.9516	0.188598	1.11613	1
221	-0.0901188	0.349783	0.542556	0.170375	0.154216	0.530879	0.953958	1.15631	0.94593	1.08712	0.237655	-1.06886	0.393008	1.11613	0
222	-0.97595	0.450221	0.542556	0.170375	-0.347713	-0.514985	-1.04674	-0.86357	-0.493529	-0.918529	0.237655	-1.06886	-0.195272	-0.894654	1
223	-0.526285	-0.839411	0.542556	0.170375	-0.347713	-0.577737	0.953958	1.15631	0.94593	1.08712	0.237655	-0.511239	0.788202	1.11613	1
224	-0.167735	-0.00175258	0.542556	-0.101123	-0.347713	-0.0667578	-1.04674	1.15631	-0.287892	1.08712	0.237655	1.60308	-0.18222	-0.894654	1
225	0.978784	-0.503946	0.542556	-1.18712	0.154216	-0.440281	0.953958	-0.86357	-0.493529	-0.918529	0.237655	2.18394	-0.195272	-0.894654	1
226	-0.237757	-0.721898	0.542556	-0.915618	-0.347713	-0.514985	0.953958	-0.86357	-0.493529	-0.918529	-3.10892	0.557539	-0.195272	-0.894654	1
227	0.000151612	-0.353288	-1.78269	-1.18712	0.154216	1.42733	-1.04674	-0.86357	-0.493529	-0.918529	0.237655	-1.06886	-0.19508	-0.894654	1
228	-0.954859	1.04482	0.542556	0.713372	-1.35157	-0.664395	0.953958	-0.86357	-0.493529	-0.918529	0.237655	-1.06886	-0.195272	1.11613	1
229	1.13317	0.751537	0.542556	1.52787	1.66	3.51906	0.953958	1.15631	-0.287892	1.08712	0.237655	-0.557707	0.188598	1.11613	1
230	-0.737197	-0.495911	0.542556	0.98487	1.66	0.0198996	0.953958	1.15631	0.94593	1.08712	0.237655	-0.255661	0.262301	1.11613	0
231	-0.919426	-0.353288	0.542556	0.98487	-0.347713	-0.61509	0.953958	1.15631	0.123382	-0.918529	0.237655	-0.488004	-0.19412	1.11613	0
232	-0.315373	-0.654604	0.542556	0.441873	-0.347713	0.00794684	-1.04674	1.15631	-0.287892	1.08712	0.237655	-0.488004	-0.194696	-0.894654	1
233	0.788963	-0.503946	-1.78269	1.79936	1.66	2.32379	0.953958	-0.86357	-0.493529	1.08712	0.237655	-0.0465528	-0.195272	-0.894654	1
234	2.09662	4.66864	-1.78269	0.170375	-0.347713	7.85193	0.953958	1.15631	7.73195	-0.918529	0.237655	-1.06886	-0.192393	1.11613	1
235	2.74285	-0.922775	0.542556	-1.73011	-1.8535	-0.664395	0.953958	1.15631	-0.287892	-0.918529	0.237655	0.278727	-0.176078	1.11613	0
236	-0.771787	1.30395	-1.78269	1.79936	1.66	-0.440281	0.953958	1.15631	0.329019	-0.918529	0.237655	-1.06886	-0.133661	1.11613	0
237	-0.61065	-0.453727	-1.78269	-1.18712	0.154216	0.680288	-1.04674	-0.86357	-0.493529	-0.918529	0.237655	0.092853	-0.107749	-0.894654	0
238	3.20011	0.249344	0.542556	-1.73011	-1.8535	-0.664395	-1.04674	-0.86357	-0.493529	-0.918529	-3.10892	-1.06886	-0.195272	-0.894654	0
239	0.338455	-0.805262	0.542556	-0.915618	-0.347713	-0.216167	-1.04674	-0.86357	-0.493529	1.08712	0.237655	0.272919	-0.195272	-0.894654	1
240	1.41411	1.45461	0.542556	-0.101123	-0.347713	4.1167	0.953958	-0.86357	-0.493529	-0.918529	-3.10892	-0.429919	-0.195272	1.11613	1
241	-0.294282	2.05724	-1.78269	0.713372	2.16193	-0.664395	0.953958	-0.86357	-0.493529	-0.918529	0.237655	-1.06886	2.34057	1.11613	0
242	0.303865	-0.453727	0.542556	-0.915618	-0.347713	0.680288	0.953958	1.15631	0.94593	-0.918529	0.237655	-0.197576	0.0484855	1.11613	1
243	1.51281	0.567735	0.542556	-1.18712	0.154216	1.60214	0.953958	1.15631	2.59103	1.08712	0.237655	-1.06886	0.764402	1.11613	1
244	4.10703	0.148905	0.542556	0.170375	-0.347713	-0.503033	0.953958	-0.86357	-0.493529	-0.918529	0.237655	-1.06886	-0.130014	-0.894654	1
245	-0.195575	1.65549	0.542556	-1.45861	1.66	-0.514985	-1.04674	-0.86357	-0.493529	-0.918529	0.237655	0.255493	-0.195272	-0.894654	1
246	-1.23579	-0.855481	0.542556	-1.18712	-0.347713	-0.61509	-1.04674	1.15631	0.740293	1.08712	0.237655	0.325196	-0.188554	-0.894654	0
247	-1.31341	-0.922775	0.542556	-0.372622	-0.347713	-0.365576	-1.04674	1.15631	-0.0822548	1.08712	0.237655	0.789882	-0.19508	-0.894654	0
248	2.40539	1.9568	0.542556	-1.73011	-1.8535	4.71434	0.953958	1.15631	2.59103	1.08712	0.237655	-1.06886	-0.00333688	1.11613	1
249	-0.301031	-0.554165	0.542556	-0.915618	1.66	0.580184	0.953958	1.15631	-0.0822548	1.08712	0.237655	-0.0175099	-0.195272	1.11613	1
250	0.837895	-0.646569	0.542556	-1.18712	0.154216	0.38147	-1.04674	-0.86357	-0.493529	-0.918529	0.237655	0.18579	-0.195272	1.11613	1
251	-0.631741	0.851976	0.542556	-0.372622	-0.347713	-0.58969	-1.04674	-0.86357	-0.493529	1.08712	0.237655	-1.06886	-0.195272	-0.894654	1
252	-0.596308	1.72278	-1.78269	-0.372622	-0.347713	-0.652442	-1.04674	-0.86357	-0.493529	1.08712	0.237655	-0.371833	-0.104103	-0.894654	1
253	0.268432	2.05724	0.542556	1.25637	1.15807	0.941755	0.953958	1.15631	1.3572	1.08712	0.237655	-1.06886	-0.169552	1.11613	1
254	0.177318	-0.704823	0.542556	0.441873	-0.347713	-0.316271	-1.04674	-0.86357	-0.493529	-0.918529	0.237655	-0.371833	-0.195272	-0.894654	1
255	0.78137	1.05285	0.542556	0.98487	1.66	-0.141462	0.953958	-0.86357	-0.493529	-0.918529	0.237655	-0.900413	-0.0346223	1.11613	0
256	-0.940517	-0.58731	0.542556	0.170375	-0.347713	0.00794684	0.953958	1.15631	-0.287892	-0.918529	0.237655	-0.488004	-0.166481	1.11613	1
257	0.500435	-0.729933	-1.78269	-1.45861	-0.347713	-0.216167	-1.04674	-0.86357	-0.493529	1.08712	0.237655	1.43463	-0.195272	1.11613	1
258	1.42845	-0.102191	0.542556	-0.101123	-0.347713	-0.627042	0.953958	-0.86357	-0.493529	1.08712	0.237655	0.238067	-0.195272	1.11613	1
259	-0.722855	-0.805262	0.542556	-0.101123	-0.347713	-0.514985	-1.04674	-0.86357	-0.493529	1.08712	-3.10892	0.789882	-0.195272	-0.894654	1
260	0.289523	-0.277959	0.542556	0.170375	1.66	1.81281	-1.04674	-0.86357	-0.493529	1.08712	0.237655	-1.06886	-0.195272	-0.894654	1
261	-1.28557	-0.403507	0.542556	-0.372622	-0.347713	-0.46568	-1.04674	1.15631	-0.287892	-0.918529	0.237655	-0.604176	-0.191241	-0.894654	1
262	-0.750696	1.15329	0.542556	0.98487	1.66	-0.265472	0.953958	-0.86357	-0.493529	-0.918529	0.237655	-0.488004	-0.195272	1.11613	1
263	-0.828312	1.40439	0.542556	0.170375	-0.347713	-0.58969	-1.04674	-0.86357	-0.493529	1.08712	0.237655	-0.0233185	-0.195272	-0.894654	0
264	-0.547376	-0.445691	-1.78269	-0.372622	-0.347713	-0.58969	0.953958	-0.86357	-0.493529	1.08712	0.237655	1.08031	-0.195272	1.11613	0
265	0.401728	-0.529055	-1.78269	0.441873	-0.347713	-0.638995	0.953958	1.15631	-0.287892	-0.918529	0.237655	-0.778433	0.0325549	1.11613	1
266	-0.252099	-0.20263	0.542556	0.170375	-0.347713	-0.58969	-1.04674	1.15631	-0.287892	1.08712	0.237655	-0.836519	-0.165714	-0.894654	0
267	-0.792878	1.47972	0.542556	0.170375	-0.347713	0.332165	-1.04674	1.15631	-0.0822548	1.08712	0.237655	-0.0233185	-0.162067	-0.894654	1
268	0.2195	-0.646569	0.542556	1.52787	-0.347713	-0.204214	0.953958	1.15631	-0.287892	1.08712	0.237655	1.9516	9.40147	1.11613	1
269	0.289523	-0.453727	0.542556	-1.18712	-0.347713	-0.365576	-1.04674	-0.86357	-0.493529	1.08712	0.237655	0.150939	-0.195272	-0.894654	1
270	-0.252099	-0.22774	0.542556	-0.372622	-0.347713	-0.58969	-1.04674	-0.86357	-0.493529	1.08712	0.237655	-0.488004	-0.195272	-0.894654	1
271	-1.04597	0.131831	0.542556	-1.18712	1.66	-0.577737	-1.04674	-0.86357	-0.493529	-0.918529	0.237655	-0.604176	-0.102375	-0.894654	0
272	-0.701764	-0.755042	0.542556	0.170375	-0.347713	-0.414881	0.953958	-0.86357	-0.493529	-0.918529	-3.10892	0.67371	-0.195272	1.11613	1
273	-1.27123	-0.93081	0.542556	0.170375	-0.347713	-0.61509	-1.04674	-0.86357	-0.493529	-0.918529	0.237655	-0.30213	-0.195272	-0.894654	1
274	-0.969201	-0.93081	0.542556	0.98487	-0.347713	-0.365576	-1.04674	1.15631	-0.287892	-0.918529	0.237655	0.325196	-0.0478658	1.11613	0
275	-0.77938	1.25373	0.542556	0.441873	-0.347713	-0.0667578	0.953958	1.15631	-0.287892	-0.918529	0.237655	-0.604176	-0.141914	1.11613	1
276	0.205158	0.0655413	-1.78269	-1.18712	0.154216	-0.340177	-1.04674	-0.86357	-0.493529	1.08712	0.237655	1.71925	-0.195272	-0.894654	1
277	2.1523	-0.888626	0.542556	-1.18712	0.154216	-0.365576	0.953958	-0.86357	-0.493529	1.08712	0.237655	0.394899	0.226409	-0.894654	0
278	-1.29232	-0.788187	0.542556	-0.101123	-0.347713	-0.638995	0.953958	-0.86357	-0.493529	-0.918529	-3.10892	0.092853	-0.195272	-0.894654	1
279	0.106451	-0.453727	0.542556	1.52787	1.66	0.157356	0.953958	1.15631	0.740293	-0.918529	0.237655	-0.13949	0.202417	1.11613	1
280	1.40736	4.08309	0.542556	0.441873	-0.347713	-0.141462	0.953958	1.15631	0.123382	-0.918529	0.237655	-0.371833	-0.192585	1.11613	1
281	0.2195	-0.403507	0.542556	-1.18712	0.154216	0.0826515	-1.04674	-0.86357	-0.493529	1.08712	0.237655	0.278727	-0.156885	-0.894654	1
282	-1.11684	-0.712858	-1.78269	0.713372	-1.35157	-0.664395	-1.04674	-0.86357	-0.493529	-0.918529	0.237655	-0.488004	-0.195272	-0.894654	1
283	1.0699	-0.855481	0.542556	-0.101123	-0.347713	2.5479	0.953958	-0.86357	-0.493529	-0.918529	-3.10892	1.25457	-0.195272	-0.894654	1
284	0.620234	-0.604384	0.542556	-0.915618	-0.347713	-0.514985	-1.04674	-0.86357	-0.493529	1.08712	0.237655	0.67371	-0.194888	-0.894654	1
285	0.000995261	-0.805262	-1.78269	-0.372622	-0.347713	0.38147	-1.04674	-0.86357	-0.493529	1.08712	0.237655	0.789882	-0.195272	-0.894654	1
286	-0.547376	-0.61242	0.542556	1.79936	-0.347713	-0.166862	0.953958	1.15631	-0.287892	1.08712	0.237655	1.22553	-0.191433	1.11613	1
287	2.8559	1.25373	0.542556	0.713372	2.16193	5.31197	0.953958	1.15631	0.94593	1.08712	0.237655	-0.941073	-0.195272	1.11613	1
288	0.823553	-0.95592	0.542556	0.170375	0.154216	3.81788	0.953958	-0.86357	-0.493529	-0.918529	0.237655	-1.06886	-0.195272	1.11613	1
289	-0.0268452	-0.729933	0.542556	-1.73011	-1.8535	-0.664395	-1.04674	1.15631	-0.287892	-0.918529	0.237655	-0.511239	-0.191625	-0.894654	1
290	0.437162	-0.00978767	0.542556	-1.73011	-1.8535	-0.664395	-1.04674	-0.86357	-0.493529	-0.918529	0.237655	-0.13949	-0.195272	-0.894654	0
291	0.0642689	0.55066	0.542556	0.713372	0.154216	-0.190767	0.953958	-0.86357	-0.493529	1.08712	-3.10892	1.37074	-0.195272	-0.894654	1
292	0.0296793	-0.328178	0.542556	-1.73011	-1.8535	0.244013	-1.04674	1.15631	-0.0822548	1.08712	0.237655	0.092853	-0.194504	-0.894654	0
293	-0.568468	-0.403507	0.542556	0.170375	-0.347713	0.00794684	0.953958	1.15631	0.740293	-0.918529	0.237655	-8.41822e-05	-0.0801108	1.11613	1
294	-0.81397	-0.847446	-1.78269	1.79936	-0.347713	-0.652442	0.953958	1.15631	-0.287892	1.08712	0.237655	3.81034	-0.183948	1.11613	1
295	0.22625	-0.353288	0.542556	1.52787	1.66	1.55134	0.953958	-0.86357	-0.493529	1.08712	0.237655	-1.06886	-0.195272	1.11613	1
296	1.70938	-0.353288	-1.78269	-1.73011	-1.8535	-0.216167	-1.04674	-0.86357	-0.493529	-0.918529	0.237655	-0.0233185	-0.194504	-0.894654	1
297	0.000151612	-0.654604	0.542556	-1.73011	-1.8535	-0.664395	-1.04674	1.15631	-0.0822548	1.08712	0.237655	0.092853	-0.175119	-0.894654	0
298	0.578051	-0.814301	0.542556	0.170375	-0.347713	-0.552338	-1.04674	1.15631	-0.0822548	-0.918529	0.237655	0.238067	-0.0993043	-0.894654	1
299	0.641325	-0.61242	0.542556	1.79936	-0.347713	-0.627042	0.953958	1.15631	0.534656	1.08712	0.237655	1.71925	-0.195272	1.11613	1
300	-1.13034	-0.461762	0.542556	0.170375	1.15807	-0.377529	-1.04674	1.15631	-0.0822548	1.08712	0.237655	-0.13949	-0.082606	-0.894654	1
301	0.626983	0.0484667	0.542556	1.52787	-0.347713	0.38147	0.953958	1.15631	1.56284	1.08712	0.237655	-1.06886	-0.195272	1.11613	1
302	-0.97595	1.26277	0.542556	0.170375	-0.347713	-0.0667578	-1.04674	-0.86357	-0.493529	1.08712	0.237655	-0.278896	-0.195272	-0.894654	1
303	0.0997022	-0.486871	0.542556	-1.45861	1.66	1.05381	-1.04674	-0.86357	-0.493529	1.08712	0.237655	0.627242	-0.195272	-0.894654	1
304	-1.09575	0.19109	0.542556	-1.45861	-0.347713	-0.503033	-1.04674	-0.86357	-0.493529	-0.918529	0.237655	-0.371833	-0.195272	-0.894654	1
305	-1.32775	0.57577	0.542556	0.98487	-0.347713	-0.627042	-1.04674	1.15631	-0.287892	1.08712	0.237655	-1.06886	-0.164562	-0.894654	0
306	0.654823	0.224234	0.542556	1.52787	1.66	2.32379	0.953958	1.15631	2.38539	1.08712	0.237655	1.24876	-0.195272	1.11613	1
307	-1.01138	-0.822336	0.542556	0.441873	-0.347713	-0.166862	-1.04674	-0.86357	-0.493529	-0.918529	0.237655	0.209025	-0.194312	-0.894654	0
308	-0.863745	1.15329	0.542556	0.170375	-0.347713	0.232061	0.953958	-0.86357	-0.493529	1.08712	0.237655	-1.06886	-0.195272	1.11613	1
309	-0.750696	-0.805262	0.542556	0.170375	-0.347713	-0.0667578	-1.04674	1.15631	-0.0822548	1.08712	0.237655	0.092853	-0.119649	-0.894654	0
310	-0.497601	-0.303069	0.542556	0.170375	1.66	0.0198996	-1.04674	1.15631	-0.287892	1.08712	0.237655	1.34751	-0.191241	-0.894654	1
311	-0.884836	1.06993	-1.78269	0.713372	1.66	-0.290872	-1.04674	-0.86357	-0.493529	-0.918529	0.237655	0.441367	-0.195272	-0.894654	1
312	1.47063	-0.654604	0.542556	-0.64412	-0.849641	-0.664395	0.953958	-0.86357	-0.493529	1.08712	0.237655	-0.488004	-0.190089	-0.894654	0
313	-0.919426	0.106721	0.542556	0.98487	-0.347713	-0.552338	0.953958	1.15631	-0.287892	-0.918529	0.237655	-0.13949	-0.195272	-0.894654	1
314	-1.00379	-0.913736	0.542556	0.98487	1.66	-0.577737	0.953958	1.15631	1.76848	-0.918529	0.237655	-0.604176	-0.17627	1.11613	0
315	-0.821562	-0.9057	0.542556	-1.45861	1.66	-0.46568	0.953958	-0.86357	-0.493529	1.08712	0.237655	-1.06886	-0.195272	1.11613	1
316	-0.399738	-0.847446	0.542556	-0.915618	-1.8535	-0.664395	-1.04674	-0.86357	-0.493529	-0.918529	0.237655	-0.488004	-0.195272	-0.894654	1
317	0.591549	0.0484667	0.542556	1.52787	-0.347713	3.36965	0.953958	-0.86357	-0.493529	1.08712	0.237655	4.62354	-0.195272	-0.894654	0
318	1.56175	1.56308	0.542556	-0.372622	-0.347713	0.0198996	0.953958	1.15631	0.123382	1.08712	0.237655	-0.162724	-0.195272	1.11613	0
319	-1.3345	-0.880591	0.542556	0.170375	-0.347713	-0.365576	-1.04674	-0.86357	-0.493529	-0.918529	0.237655	-0.371833	-0.191817	-0.894654	0
320	-0.596308	1.60527	0.542556	0.170375	0.154216	0.754993	0.953958	1.15631	-0.0822548	-0.918529	0.237655	-0.644836	-0.110053	1.11613	0
321	-0.891585	0.00628251	-1.78269	0.441873	-0.347713	0.00794684	0.953958	1.15631	-0.287892	1.08712	0.237655	-0.604176	-0.137691	1.11613	1
322	-0.800471	1.25373	0.542556	1.52787	-0.347713	-0.46568	0.953958	-0.86357	-0.493529	-0.918529	0.237655	-0.488004	-0.195272	1.11613	1
323	1.94139	0.93534	0.542556	-1.73011	-1.8535	3.64307	0.953958	1.15631	1.76848	1.08712	0.237655	-0.894605	-0.137691	1.11613	1
324	-1.13793	0.148905	0.542556	-0.915618	-0.347713	-0.514985	0.953958	-0.86357	-0.493529	-0.918529	0.237655	-0.604176	-0.195272	1.11613	1
325	0.430413	-0.0690465	-1.78269	-0.915618	-0.347713	-0.58969	0.953958	1.15631	1.56284	1.08712	0.237655	0.789882	-0.195272	1.11613	1
326	0.55696	1.07796	0.542556	1.79936	-0.347713	0.0826515	0.953958	1.15631	0.740293	-0.918529	0.237655	1.9516	-0.157652	1.11613	1
327	-0.821562	-0.646569	0.542556	-0.915618	-0.347713	-0.638995	-1.04674	-0.86357	-0.493529	1.08712	0.237655	0.998991	-0.195272	-0.894654	1
328	1.71698	0.349783	0.542556	-1.18712	0.154216	0.25746	-1.04674	-0.86357	-0.493529	1.08712	0.237655	-0.644836	-0.195272	-0.894654	0
329	-0.792878	-0.503946	0.542556	-1.18712	-0.347713	-0.627042	-1.04674	-0.86357	-0.493529	-0.918529	0.237655	-0.13949	-0.193352	-0.894654	1
330	1.75916	-0.654604	0.542556	-1.45861	-0.347713	0.456175	-1.04674	-0.86357	-0.493529	1.08712	0.237655	-1.06886	-0.128095	-0.894654	1
331	2.47626	0.0484667	0.542556	-0.372622	-0.347713	0.530879	0.953958	1.15631	0.329019	-0.918529	0.237655	-1.06886	-0.17627	1.11613	0
332	-0.961608	0.174015	0.542556	0.441873	-0.347713	-0.153415	0.953958	-0.86357	-0.493529	-0.918529	-3.10892	-0.371833	-0.195272	1.11613	1
333	-0.701764	-0.152411	0.542556	0.170375	0.154216	-0.58969	0.953958	-0.86357	-0.493529	1.08712	0.237655	-0.13949	-0.195272	1.11613	1
334	0.38823	-0.871551	-1.78269	0.441873	-0.347713	-0.577737	-1.04674	-0.86357	-0.493529	1.08712	0.237655	0.725988	-0.194888	-0.894654	1
335	0.901169	-0.604384	-1.78269	0.170375	-0.347713	-0.664395	-1.04674	-0.86357	-0.493529	1.08712	0.237655	-0.197576	-0.19508	-0.894654	0
336	-0.673924	-0.788187	0.542556	-1.18712	1.66	-0.638995	-1.04674	-0.86357	-0.493529	1.08712	0.237655	0.209025	-0.194312	-0.894654	1
337	0.373888	-0.755042	0.542556	0.170375	-0.347713	-0.0667578	0.953958	1.15631	1.76848	-0.918529	0.237655	-1.06886	-0.107749	1.11613	0
338	0.675914	0.0484667	0.542556	-1.73011	-1.8535	-0.664395	-1.04674	1.15631	-0.0822548	-0.918529	0.237655	-0.970116	-0.19508	-0.894654	1
339	-1.07466	-0.0690465	-1.78269	0.170375	1.66	0.232061	0.953958	-0.86357	-0.493529	-0.918529	0.237655	0.325196	-0.195272	1.11613	0
340	-0.364305	-0.830371	0.542556	-0.372622	-0.347713	-0.528432	0.953958	-0.86357	-0.493529	1.08712	0.237655	0.092853	-0.195272	-0.894654	1
341	0.0718618	-0.353288	0.542556	-1.45861	-0.347713	-0.61509	-1.04674	-0.86357	-0.493529	1.08712	0.237655	-0.371833	-0.195272	-0.894654	1
342	-1.02488	-0.654604	-1.78269	1.52787	-0.347713	-0.0667578	0.953958	-0.86357	-0.493529	1.08712	0.237655	-0.488004	-0.191433	-0.894654	1
343	-0.758289	1.20351	0.542556	0.98487	-0.347713	-0.540385	0.953958	1.15631	0.534656	1.08712	0.237655	-1.06886	-0.0877882	1.11613	0
344	0.704598	0.291528	0.542556	0.98487	-0.347713	-0.652442	0.953958	1.15631	-0.287892	-0.918529	0.237655	0.092853	-0.137691	1.11613	1
345	-0.750696	-0.922775	0.542556	0.170375	-0.849641	0.00794684	-1.04674	-0.86357	-0.493529	1.08712	-3.10892	-1.06886	-0.195272	1.11613	1
346	-0.687422	-0.797227	-1.78269	0.98487	-0.347713	-0.216167	0.953958	1.15631	-0.0822548	1.08712	0.237655	-0.604176	-0.118498	1.11613	0
347	-0.132301	0.106721	0.542556	0.713372	-1.35157	0.00794684	0.953958	1.15631	0.534656	1.08712	0.237655	-0.493813	-0.0993043	1.11613	0
348	0.739188	0.558695	-1.78269	0.98487	1.66	1.72615	0.953958	1.15631	2.38539	-0.918529	0.237655	-1.06886	0.246178	1.11613	0
349	0.437162	0.0735764	0.542556	0.713372	-0.347713	0.829698	0.953958	-0.86357	-0.493529	1.08712	0.237655	-1.06886	0.572468	1.11613	0
350	-0.0479364	-0.537091	0.542556	0.170375	-0.347713	-0.638995	-1.04674	-0.86357	-0.493529	-0.918529	0.237655	0.67371	-0.195272	-0.894654	1
351	-0.539784	-0.378398	0.542556	1.79936	1.66	-0.402929	0.953958	-0.86357	-0.493529	-0.918529	0.237655	1.02222	-0.195272	1.11613	0
352	-0.349963	1.55505	0.542556	-0.372622	0.154216	-0.58969	-1.04674	-0.86357	-0.493529	1.08712	0.237655	3.11331	-0.195272	-0.894654	1
353	0.000151612	-0.152411	0.542556	1.79936	-0.347713	0.829698	0.953958	1.15631	0.123382	1.08712	0.237655	0.615625	0.242148	1.11613	1
354	0.211907	0.349783	0.542556	-0.372622	-0.347713	-0.627042	0.953958	-0.86357	-0.493529	1.08712	0.237655	1.50434	-0.195272	-0.894654	1
355	-0.800471	-0.486871	0.542556	-0.915618	-0.347713	-0.440281	-1.04674	-0.86357	-0.493529	-0.918529	0.237655	-0.0233185	-0.195272	-0.894654	1
356	-0.0411872	-0.336213	0.542556	0.170375	-0.347713	0.0826515	-1.04674	1.15631	-0.0822548	1.08712	0.237655	-0.13949	-0.187402	-0.894654	1
357	0.000151612	-0.855481	0.542556	0.170375	0.154216	-0.414881	0.953958	-0.86357	-0.493529	1.08712	-3.10892	0.789882	-0.195272	-0.894654	1
358	-1.31341	-0.328178	0.542556	0.441873	-0.347713	-0.638995	-1.04674	1.15631	-0.287892	-0.918529	0.237655	-1.06886	-0.19412	-0.894654	1
359	-0.364305	-0.621459	0.542556	1.52787	1.66	0.855097	0.953958	1.15631	1.3572	-0.918529	0.237655	1.24876	-0.0365416	1.11613	1
360	-0.539784	-0.353288	0.542556	0.170375	-0.347713	-0.290872	-1.04674	1.15631	-0.287892	-0.918529	0.237655	-1.06886	-0.191049	-0.894654	1
361	3.05247	0.148905	0.542556	0.713372	2.16193	3.22025	0.953958	1.15631	-0.287892	1.08712	0.237655	-1.06886	-0.195272	1.11613	1
362	-1.07466	0.952415	0.542556	0.441873	-0.347713	-0.178815	0.953958	1.15631	0.740293	1.08712	0.237655	-0.836519	-0.0801108	1.11613	0
363	-0.364305	-0.897665	0.542556	-0.101123	1.66	-0.627042	-1.04674	1.15631	-0.287892	1.08712	0.237655	0.51107	-0.174543	-0.894654	0
364	-1.01138	-0.822336	-1.78269	0.170375	-0.347713	-0.365576	-1.04674	1.15631	-0.287892	-0.918529	0.237655	10.5483	-0.194888	-0.894654	0
365	-0.0690276	-0.637529	0.542556	-1.45861	-0.347713	-0.489586	-1.04674	-0.86357	-0.493529	1.08712	-3.10892	-1.06886	-0.195272	-0.894654	1
366	1.57609	-0.788187	0.542556	-0.372622	-0.347713	-0.514985	-1.04674	-0.86357	-0.493529	1.08712	0.237655	0.325196	-0.172815	-0.894654	0
367	-0.0411872	-0.654604	-1.78269	0.441873	-0.347713	-0.652442	-1.04674	-0.86357	-0.493529	-0.918529	-3.10892	-0.13949	-0.195272	-0.894654	1
368	1.68829	2.05724	0.542556	0.170375	-0.347713	1.87556	0.953958	1.15631	1.3572	-0.918529	0.237655	-1.06886	-0.195272	1.11613	1
369	0.42282	-0.897665	0.542556	-1.73011	-1.8535	-0.664395	-1.04674	1.15631	1.56284	-0.918529	0.237655	0.092853	-0.191817	-0.894654	0
370	0.169725	-0.403507	0.542556	-0.101123	-0.347713	0.605584	0.953958	1.15631	0.740293	-0.918529	0.237655	0.116087	-0.195272	1.11613	1
371	-0.905927	-0.353288	0.542556	-0.372622	-0.347713	-0.652442	0.953958	-0.86357	-0.493529	-0.918529	0.237655	-0.488004	-0.195272	1.11613	0
372	0.38823	2.68498	0.542556	0.441873	-0.347713	-0.638995	-1.04674	-0.86357	-0.493529	-0.918529	0.237655	0.789882	0.486481	-0.894654	1
373	1.61827	-0.838407	0.542556	-1.73011	-1.8535	-0.664395	-1.04674	-0.86357	-0.493529	-0.918529	0.237655	-0.226619	-0.195272	-0.894654	1
374	-0.673924	-0.789192	0.542556	0.98487	-0.347713	-0.540385	-1.04674	1.15631	-0.287892	1.08712	0.237655	0.092853	-0.19316	-0.894654	0
375	0.303865	-0.0519719	0.542556	1.79936	1.66	1.05381	-1.04674	-0.86357	-0.493529	1.08712	-3.10892	3.06103	-0.195272	1.11613	1
376	2.26535	3.2625	0.542556	-1.18712	0.154216	2.32379	0.953958	1.15631	2.17975	-0.918529	0.237655	-1.06886	1.09069	1.11613	0
377	-0.27994	-0.780152	0.542556	-0.101123	-0.347713	-0.377529	0.953958	1.15631	0.123382	1.08712	0.237655	1.23133	-0.195272	1.11613	1
378	0.000151612	-0.830371	0.542556	-0.915618	-0.347713	-0.58969	-1.04674	-0.86357	-0.493529	-0.918529	0.237655	1.1384	0.190517	-0.894654	1
379	0.0153373	-0.353288	-1.78269	-0.64412	-0.849641	-0.664395	-1.04674	-0.86357	-0.493529	-0.918529	0.237655	-0.13949	-0.191433	-0.894654	0
380	-1.02488	0.349783	0.542556	0.441873	1.66	-0.22812	0.953958	1.15631	0.94593	-0.918529	0.237655	-0.604176	0.371704	1.11613	1
381	0.633732	0.249344	0.542556	-0.101123	-0.347713	-0.278919	0.953958	1.15631	0.534656	1.08712	0.237655	-0.441536	0.0152808	1.11613	1
382	-1.2223	-0.295033	0.542556	-1.18712	-0.347713	-0.564291	-1.04674	-0.86357	-0.493529	1.08712	0.237655	-0.255661	-0.194888	-0.894654	1
383	1.11883	0.450221	-1.78269	0.170375	-0.347713	-0.178815	-1.04674	-0.86357	-0.493529	-0.918529	0.237655	-0.13949	-0.194888	-0.894654	1
384	-1.29232	-0.95592	-1.78269	-0.372622	-0.347713	-0.58969	-1.04674	-0.86357	-0.493529	-0.918529	0.237655	-0.720347	-0.195272	-0.894654	1
385	0.810055	0.349783	0.542556	0.98487	-0.347713	-0.514985	0.953958	1.15631	0.123382	1.08712	0.237655	-0.226619	-0.195272	1.11613	0
386	-0.223415	2.05724	0.542556	0.170375	1.66	0.929802	0.953958	1.15631	1.76848	-0.918529	0.237655	-1.06886	0.242915	1.11613	1
387	-0.455419	-0.554165	0.542556	-0.64412	-0.849641	-0.664395	-1.04674	-0.86357	-0.493529	1.08712	0.237655	0.534305	-0.19508	-0.894654	0
388	0.591549	-0.285994	0.542556	0.441873	-0.347713	0.530879	0.953958	1.15631	2.38539	-0.918529	0.237655	1.15582	0.0626887	1.11613	1
389	-0.539784	0.249344	0.542556	0.170375	-0.347713	-0.365576	0.953958	1.15631	0.123382	-0.918529	0.237655	-1.06886	-0.195272	1.11613	1
390	-0.286689	-0.880591	0.542556	0.98487	-0.347713	-0.489586	0.953958	1.15631	0.329019	-0.918529	0.237655	-0.604176	-0.195272	1.11613	0
391	3.53082	2.60965	0.542556	-1.73011	-1.8535	-0.664395	0.953958	-0.86357	-0.493529	1.08712	0.237655	-1.06886	-0.195272	1.11613	1
392	-0.765038	1.35417	-1.78269	-0.101123	-0.347713	-0.216167	-1.04674	-0.86357	-0.493529	1.08712	0.237655	-1.06886	0.572468	-0.894654	1
393	-0.371054	-0.704823	0.542556	-1.73011	-1.8535	-0.664395	-1.04674	1.15631	-0.287892	-0.918529	0.237655	-0.534473	-0.137691	-0.894654	0
394	-1.04597	0.768612	0.542556	1.52787	1.66	-0.440281	0.953958	1.15631	0.94593	-0.918529	0.237655	-0.511239	-0.195272	1.11613	0
395	-0.505194	-0.95592	0.542556	0.170375	-0.347713	-0.664395	-1.04674	-0.86357	-0.493529	-0.918529	3.58423	-8.41822e-05	-0.195272	1.11613	0
396	0.000151612	-0.947885	-1.78269	-1.45861	-0.347713	0.605584	-1.04674	-0.86357	-0.493529	1.08712	0.237655	1.60308	-0.195272	-0.894654	1
397	-0.765038	0.751537	0.542556	0.98487	-0.347713	-0.141462	0.953958	1.15631	1.56284	-0.918529	0.237655	-0.604176	-0.00525623	-0.894654	0
398	-0.729605	-0.704823	0.542556	0.98487	-0.347713	-0.58969	-1.04674	-0.86357	-0.493529	1.08712	0.237655	-0.371833	-0.0399964	-0.894654	0
399	-0.701764	1.58016	0.542556	0.170375	-0.347713	-0.627042	-1.04674	1.15631	-0.0822548	-0.918529	0.237655	-1.06886	0.87035	-0.894654	1
400	-0.174484	-0.737968	-1.78269	1.79936	-0.347713	-0.365576	-1.04674	-0.86357	-0.493529	-0.918529	0.237655	0.557539	-0.192777	-0.894654	0
401	0.0364285	0.249344	0.542556	-1.45861	-0.347713	-0.290872	-1.04674	-0.86357	-0.493529	-0.918529	0.237655	0.51107	-0.195272	-0.894654	0
402	-0.385396	-0.654604	-1.78269	0.441873	-0.347713	-0.552338	0.953958	-0.86357	-0.493529	1.08712	0.237655	0.441367	0.00913888	1.11613	1
403	-1.03247	1.23666	0.542556	0.170375	0.154216	-0.489586	-1.04674	1.15631	-0.0822548	1.08712	0.237655	0.092853	-0.193928	-0.894654	1
404	0.352797	-0.470801	0.542556	0.441873	-0.347713	-0.627042	-1.04674	1.15631	-0.0822548	-0.918529	0.237655	0.209025	-0.19508	-0.894654	1
405	-1.07466	-0.95592	0.542556	0.98487	-0.347713	-0.46568	-1.04674	-0.86357	-0.493529	-0.918529	0.237655	-0.13949	-0.19508	-0.894654	1
406	-0.237757	-0.20263	0.542556	0.170375	-0.347713	-0.340177	0.953958	1.15631	-0.287892	1.08712	0.237655	1.08612	-0.195272	1.11613	0
407	0.240592	-0.102191	0.542556	-1.18712	0.154216	0.306765	0.953958	1.15631	-0.0822548	-0.918529	0.237655	0.522688	-0.0781915	1.11613	1
408	0.141885	-0.353288	-1.78269	-0.372622	-0.347713	-0.0667578	-1.04674	-0.86357	-0.493529	-0.918529	0.237655	-0.0233185	-0.195272	-0.894654	0
409	1.88571	0.977524	0.542556	0.713372	-0.347713	1.92487	0.953958	1.15631	0.534656	-0.918529	0.237655	-1.06886	-0.195272	1.11613	1
410	-0.533034	-0.755042	0.542556	-0.372622	-0.347713	-0.514985	-1.04674	-0.86357	-0.493529	-0.918529	0.237655	0.092853	-0.195272	-0.894654	1
411	0.0718618	-0.52102	-1.78269	-0.915618	-1.8535	-0.664395	-1.04674	-0.86357	-0.493529	-0.918529	0.237655	-0.371833	-0.195272	-0.894654	1
412	-0.884836	0.0484667	-1.78269	-1.73011	-1.8535	-0.664395	-1.04674	-0.86357	-0.493529	-0.918529	0.237655	-1.06886	-0.195272	-0.894654	0
413	2.10337	2.25812	0.542556	-0.64412	-1.8535	-0.664395	0.953958	1.15631	2.59103	-0.918529	0.237655	-1.06886	-0.147864	1.11613	0
414	0.0575197	-0.922775	-1.78269	0.170375	1.66	0.306765	0.953958	1.15631	-0.287892	1.08712	0.237655	1.44044	1.34021	1.11613	1
415	-0.933768	1.42146	0.542556	0.170375	1.66	1.12852	0.953958	-0.86357	-0.493529	-0.918529	0.237655	0.906053	-0.195272	1.11613	0
416	-0.11121	0.148905	0.542556	-0.915618	-0.347713	0.979107	-1.04674	-0.86357	-0.493529	1.08712	-3.10892	-0.488004	-0.195272	-0.894654	0
417	-0.589559	-0.821332	0.542556	-0.372622	1.66	-0.141462	0.953958	-0.86357	-0.493529	-0.918529	0.237655	1.25457	-0.195272	-0.894654	0
418	-0.708513	1.27884	0.542556	1.79936	1.66	-0.526938	0.953958	1.15631	-0.287892	-0.918529	0.237655	-0.488004	-0.195272	1.11613	1
419	0.000151612	1.30395	0.542556	-1.73011	-1.8535	-0.664395	-1.04674	-0.86357	-0.493529	-0.918529	0.237655	-8.41822e-05	0.802789	-0.894654	0
420	0.0642689	-0.847446	0.542556	1.52787	-0.347713	-0.652442	0.953958	-0.86357	-0.493529	-0.918529	0.237655	1.48691	1.94998	1.11613	0
421	-0.64524	-0.654604	0.542556	-1.45861	1.66	-0.10411	0.953958	1.15631	0.740293	-0.918529	0.237655	0.092853	-0.132509	1.11613	1
422	0.437162	-0.93081	-1.78269	0.170375	-0.347713	-0.216167	-1.04674	-0.86357	-0.493529	1.08712	0.237655	0.278727	-0.173583	1.11613	1
423	-0.146643	-0.704823	-1.78269	-0.915618	-0.347713	-0.58969	-1.04674	-0.86357	-0.493529	-0.918529	0.237655	0.232259	-0.195272	-0.894654	1
424	-0.631741	-0.855481	0.542556	0.98487	1.66	-0.290872	0.953958	1.15631	-0.287892	-0.918529	0.237655	-1.06886	-0.0651399	1.11613	0
425	-0.877243	-0.9057	-1.78269	0.170375	1.66	-0.58969	-1.04674	-0.86357	-0.493529	-0.918529	0.237655	0.557539	-0.156117	-0.894654	1
426	-0.0125031	2.15768	0.542556	0.170375	-0.347713	-0.514985	0.953958	-0.86357	-0.493529	-0.918529	0.237655	-0.371833	-0.195272	-0.894654	1
427	-0.737197	-0.353288	0.542556	-0.101123	-0.347713	-0.278919	0.953958	1.15631	-0.287892	-0.918529	0.237655	0.441367	-0.0417238	1.11613	1
428	0.500435	-0.604384	-1.78269	0.170375	0.154216	-0.58969	0.953958	-0.86357	-0.493529	1.08712	0.237655	-0.116256	-0.118498	-0.894654	1
429	-0.568468	-0.0519719	0.542556	0.441873	-0.347713	-0.365576	-1.04674	-0.86357	-0.493529	1.08712	0.237655	1.02222	-0.19412	-0.894654	0
430	0.401728	-0.194595	0.542556	0.441873	-0.347713	-0.316271	0.953958	-0.86357	-0.493529	1.08712	0.237655	0.092853	-0.195272	-0.894654	1
431	1.32299	-0.805262	0.542556	0.98487	1.66	0.157356	0.953958	1.15631	-0.287892	-0.918529	0.237655	0.865393	-0.0240658	1.11613	0
432	0.0431777	-0.152411	-1.78269	1.52787	-0.347713	-0.216167	-1.04674	-0.86357	-0.493529	1.08712	0.237655	-0.371833	-0.195272	-0.894654	1
433	-0.0833696	1.18644	0.542556	0.98487	1.66	-0.638995	-1.04674	1.15631	1.97411	1.08712	0.237655	-0.319556	-0.194696	-0.894654	0
434	-0.315373	-0.646569	0.542556	0.441873	-0.347713	0.456175	0.953958	1.15631	0.534656	1.08712	0.237655	-0.488004	-0.194696	1.11613	1
435	1.96248	2.15768	0.542556	0.713372	2.16193	-0.664395	0.953958	1.15631	3.61921	-0.918529	0.237655	-0.185959	-0.17032	-0.894654	1
436	-1.30666	-0.805262	0.542556	0.170375	-0.347713	-0.141462	0.953958	1.15631	0.534656	1.08712	0.237655	0.975756	-0.0628367	1.11613	1
437	-0.589559	1.55505	0.542556	0.441873	-0.347713	-0.402929	0.953958	-0.86357	-0.493529	1.08712	0.237655	0.441367	-0.195272	-0.894654	1
438	0.092953	0.148905	0.542556	0.98487	1.66	0.979107	0.953958	1.15631	1.97411	1.08712	0.237655	1.30104	-0.00333688	1.11613	1
439	-0.117959	-0.855481	0.542556	0.170375	-0.347713	-0.141462	0.953958	1.15631	1.76848	-0.918529	0.237655	-0.882988	-0.0916269	1.11613	1
440	-0.786129	-0.863516	0.542556	-0.915618	-0.347713	-0.627042	-1.04674	-0.86357	-0.493529	1.08712	0.237655	0.557539	-0.184715	-0.894654	1
441	0.858986	-0.763078	0.542556	1.79936	-0.347713	0.0826515	0.953958	-0.86357	-0.493529	-0.918529	0.237655	1.89351	-0.0801108	1.11613	1
442	0.430413	-0.554165	0.542556	-1.18712	-0.347713	-0.58969	-1.04674	-0.86357	-0.493529	1.08712	0.237655	0.214833	-0.195272	-0.894654	1
443	-0.484103	1.62234	0.542556	1.52787	-0.347713	-0.514985	-1.04674	-0.86357	-0.493529	-0.918529	0.237655	-1.06886	-0.194888	-0.894654	1
444	-0.13905	-0.58731	0.542556	0.170375	1.66	0.630983	0.953958	-0.86357	-0.493529	-0.918529	0.237655	0.441367	-0.156885	1.11613	1
445	-0.969201	-0.9057	0.542556	0.98487	-0.347713	-0.627042	-1.04674	-0.86357	-0.493529	-0.918529	0.237655	0.092853	-0.195272	-0.894654	1
446	-1.00379	-0.880591	0.542556	0.98487	-0.347713	-0.0667578	0.953958	1.15631	-0.0822548	1.08712	0.237655	-0.604176	-0.195272	1.11613	1
447	1.67479	-0.947885	0.542556	1.79936	1.66	-0.652442	0.953958	-0.86357	-0.493529	-0.918529	0.237655	-1.06886	0.380533	1.11613	1
448	2.63065	0.450221	0.542556	0.713372	2.16193	-0.664395	-1.04674	-0.86357	-0.493529	-0.918529	0.237655	-1.06886	-0.192968	-0.894654	1
449	0.760279	-0.295033	0.542556	-0.101123	-0.347713	0.38147	-1.04674	-0.86357	-0.493529	1.08712	-3.10892	1.25457	-0.195272	-0.894654	1
450	-1.28557	-0.913736	0.542556	-0.372622	-0.347713	-0.627042	-1.04674	-0.86357	-0.493529	-0.918529	0.237655	0.092853	-0.19508	-0.894654	0
451	-0.174484	-0.839411	0.542556	0.441873	-0.347713	-0.577737	-1.04674	1.15631	-0.287892	-0.918529	0.237655	0.906053	0.342722	-0.894654	1
452	0.205158	-0.0519719	0.542556	-0.372622	-0.347713	-0.365576	0.953958	-0.86357	-0.493529	1.08712	0.237655	0.325196	-0.195272	-0.894654	1
453	3.37559	-0.95592	0.542556	0.170375	-0.347713	-0.664395	-1.04674	-0.86357	-0.493529	-0.918529	3.58423	-8.41822e-05	-0.195272	1.11613	0
454	0.880077	-0.91474	0.542556	-1.18712	1.66	0.86705	0.953958	-0.86357	-0.493529	-0.918529	0.237655	1.25457	-0.195272	1.11613	1
455	-0.765038	1.25373	-1.78269	0.98487	-0.347713	0.232061	0.953958	-0.86357	-0.493529	1.08712	0.237655	0.487836	-0.195272	-0.894654	0
456	-0.603057	-0.554165	0.542556	0.713372	-1.35157	-0.61509	-1.04674	1.15631	-0.0822548	-0.918529	0.237655	0.789882	0.0542436	-0.894654	1
457	1.07665	-0.855481	0.542556	-1.18712	1.66	0.829698	0.953958	-0.86357	-0.493529	1.08712	0.237655	0.789882	-0.195272	1.11613	1
458	-0.722855	1.40439	0.542556	1.79936	1.66	-0.514985	0.953958	1.15631	-0.0822548	1.08712	0.237655	0.67371	-0.0895156	1.11613	0
459	0.240592	-0.687749	0.542556	-1.18712	0.154216	-0.627042	-1.04674	-0.86357	-0.493529	1.08712	0.237655	1.48691	0.668435	-0.894654	1
460	-0.716106	1.35417	0.542556	-1.18712	-0.347713	0.38147	0.953958	1.15631	1.3572	-0.918529	0.237655	-0.743582	-0.0528561	1.11613	1
461	-0.47651	-0.780152	0.542556	-0.915618	-0.347713	-0.552338	-1.04674	1.15631	-0.0822548	1.08712	0.237655	-0.0581699	-0.194696	-0.894654	1
462	-1.18011	0.851976	0.542556	-0.372622	-0.347713	-0.253519	0.953958	-0.86357	-0.493529	1.08712	0.237655	-1.06886	-0.195272	1.11613	0
463	-0.940517	-0.737968	0.542556	0.98487	-0.347713	-0.216167	-1.04674	-0.86357	-0.493529	-0.918529	0.237655	-0.441536	-0.193928	-0.894654	1
464	0.0085881	2.29126	0.542556	-1.45861	-0.347713	0.232061	0.953958	1.15631	1.3572	-0.918529	0.237655	0.383282	-0.0551593	1.11613	1
465	2.19448	-0.554165	0.542556	-1.73011	-1.8535	1.27793	-1.04674	1.15631	-0.287892	-0.918529	0.237655	-1.06886	-0.193352	-0.894654	0
466	2.3708	-0.646569	0.542556	0.98487	-0.347713	-0.627042	0.953958	-0.86357	-0.493529	1.08712	0.237655	0.441367	-0.195272	1.11613	1
467	2.83481	1.85636	0.542556	-1.73011	-1.8535	-0.664395	0.953958	1.15631	1.76848	1.08712	0.237655	-1.06886	0.073437	1.11613	0
468	-0.125552	-0.747007	-1.78269	-1.18712	0.154216	-0.514985	0.953958	1.15631	1.56284	1.08712	0.237655	-0.30213	-0.189898	-0.894654	1
469	1.4352	0.349783	0.542556	0.98487	1.66	1.12852	0.953958	-0.86357	-0.493529	1.08712	0.237655	0.964139	-0.195272	1.11613	1
470	-0.673924	1.35417	-1.78269	-0.915618	1.66	0.232061	-1.04674	-0.86357	-0.493529	1.08712	0.237655	-0.95269	-0.192201	-0.894654	0
471	-0.961608	0.902195	0.542556	0.170375	-0.347713	-0.166862	0.953958	1.15631	0.123382	1.08712	0.237655	-0.836519	-0.189898	1.11613	1
472	1.40061	0.57577	0.542556	0.441873	1.66	3.96729	0.953958	1.15631	1.97411	-0.918529	0.237655	-1.06886	-0.0436432	1.11613	1
473	-0.701764	-0.654604	0.542556	0.98487	-0.347713	0.0452991	0.953958	1.15631	0.123382	1.08712	0.237655	-1.06886	-0.0835656	1.11613	1
474	0.0575197	1.85636	-1.78269	-1.73011	-1.8535	-0.664395	-1.04674	1.15631	-0.0822548	-0.918529	0.237655	-0.13949	-0.19508	-0.894654	1
475	0.169725	-0.888626	-1.78269	1.52787	-0.347713	-0.638995	-1.04674	-0.86357	-0.493529	-0.918529	0.237655	-0.0233185	-0.195272	-0.894654	1
476	-0.673924	-0.863516	-1.78269	0.441873	-0.347713	0.120004	0.953958	1.15631	0.740293	1.08712	0.237655	0.139322	-0.12867	-0.894654	1
477	-1.23579	-0.888626	-1.78269	-0.915618	-0.347713	-0.577737	-1.04674	-0.86357	-0.493529	-0.918529	-3.10892	0.092853	-0.195272	-0.894654	1
478	-0.905927	0.751537	0.542556	0.170375	-0.347713	-0.61509	-1.04674	-0.86357	-0.493529	-0.918529	0.237655	-1.06886	-0.127903	-0.894654	0
479	2.44758	2.35856	0.542556	0.98487	-0.347713	2.62261	0.953958	-0.86357	-0.493529	1.08712	0.237655	-0.946882	1.83175	1.11613	0
480	0.000151612	0.0484667	-1.78269	-0.372622	-0.347713	1.87556	0.953958	-0.86357	-0.493529	-0.918529	0.237655	-1.06886	-0.195272	-0.894654	1
481	-0.554126	1.5209	0.542556	1.52787	1.66	0.38147	0.953958	1.15631	0.740293	-0.918529	0.237655	1.25457	-0.107366	1.11613	0
482	-0.849403	1.00263	0.542556	0.170375	-0.347713	-0.58969	0.953958	-0.86357	-0.493529	-0.918529	0.237655	-0.255661	-0.195272	-0.894654	1
483	-0.940517	-0.95592	0.542556	0.170375	-0.347713	-0.664395	-1.04674	-0.86357	-0.493529	-0.918529	3.58423	-8.41822e-05	-0.195272	-0.894654	1
484	-0.533034	1.75592	-1.78269	-1.73011	-1.8535	-0.0667578	-1.04674	1.15631	-0.287892	1.08712	0.237655	0.092853	-0.19508	-0.894654	0
485	0.9501	-0.0268622	0.542556	0.98487	-0.347713	0.704194	0.953958	-0.86357	-0.493529	-0.918529	-3.10892	-1.06886	-0.195272	1.11613	1
486	-0.413236	-0.604384	-1.78269	0.170375	-0.347713	-0.365576	0.953958	1.15631	0.534656	1.08712	0.237655	-0.13949	0.913536	1.11613	1
487	2.21557	0.458256	0.542556	-0.101123	-0.347713	3.51906	0.953958	1.15631	0.740293	1.08712	0.237655	1.02222	0.0603855	1.11613	1
488	2.05444	1.35417	0.542556	-1.73011	-1.8535	0.829698	0.953958	1.15631	0.534656	-0.918529	0.237655	-1.06886	1.50354	1.11613	1
489	1.6672	1.05285	0.542556	-1.18712	0.154216	-0.664395	0.953958	1.15631	1.76848	-0.918529	0.237655	-1.06886	0.0444549	1.11613	1
490	0.697006	-0.855481	0.542556	-0.101123	-0.347713	-0.58969	0.953958	-0.86357	-0.493529	-0.918529	-3.10892	0.604008	-0.195272	-0.894654	1
491	-0.336464	-0.54613	-1.78269	-0.372622	-0.347713	-0.0667578	0.953958	1.15631	0.123382	1.08712	0.237655	1.08031	-0.0877882	1.11613	1
492	-0.117959	0.349783	0.542556	1.52787	-0.347713	0.269413	0.953958	1.15631	1.15157	-0.918529	0.237655	0.847968	0.0350501	1.11613	1
493	1.70938	-0.54613	-1.78269	-1.73011	-1.8535	-0.216167	-1.04674	-0.86357	-0.493529	-0.918529	0.237655	-0.371833	-0.19508	-0.894654	1
494	-0.554126	1.25373	-1.78269	-0.372622	-0.347713	0.680288	0.953958	-0.86357	-0.493529	-0.918529	0.237655	-0.371833	-0.195272	-0.894654	0
495	-0.160142	-0.805262	-1.78269	0.170375	-0.347713	-0.652442	-1.04674	-0.86357	-0.493529	-0.918529	0.237655	0.325196	-0.195272	-0.894654	1
496	0.177318	-0.880591	0.542556	1.52787	-0.347713	-0.552338	-1.04674	-0.86357	-0.493529	-0.918529	0.237655	0.67371	-0.186827	1.11613	0
497	-0.490852	-0.805262	0.542556	0.170375	0.154216	-0.58969	0.953958	-0.86357	-0.493529	-0.918529	0.237655	0.958331	-0.190857	1.11613	1
498	-0.244507	-0.747007	0.542556	0.170375	-0.347713	0.0826515	0.953958	1.15631	0.534656	1.08712	0.237655	0.67371	0.0791951	1.11613	0
499	-1.13793	-0.880591	2.8678	1.52787	-1.8535	2.32379	-1.04674	-0.86357	-0.493529	1.08712	-3.10892	0.67371	-0.195272	1.11613	0
500	-0.940517	0.450221	0.542556	0.170375	-0.347713	-0.178815	0.953958	1.15631	0.123382	-0.918529	0.237655	0.092853	0.0717096	1.11613	1
501	-1.18686	3.46338	2.8678	-1.73011	1.15807	-0.664395	-1.04674	-0.86357	-0.493529	1.08712	3.58423	1.545	18.9982	1.11613	1
502	-1.13793	0.400002	-1.78269	-0.101123	-0.347713	-0.652442	-1.04674	-0.86357	-0.493529	-0.918529	0.237655	-0.255661	-0.195272	-0.894654	1
503	1.35843	-0.453727	0.542556	-0.101123	0.154216	0.0826515	0.953958	1.15631	1.97411	1.08712	0.237655	1.31265	0.286485	1.11613	1
504	2.18098	0.751537	0.542556	0.713372	1.66	1.42733	0.953958	1.15631	0.123382	-0.918529	0.237655	-1.06886	-0.195272	1.11613	1
505	-1.50323	-0.152411	-1.78269	0.441873	-0.347713	-0.141462	0.953958	1.15631	-0.0822548	1.08712	0.237655	-0.371833	-0.00333688	1.11613	1
506	-1.03247	0.952415	0.542556	0.98487	-0.347713	-0.365576	0.953958	-0.86357	-0.493529	1.08712	0.237655	-0.720347	-0.118498	1.11613	1
507	-0.81397	1.38731	0.542556	-0.915618	1.66	-0.638995	-1.04674	-0.86357	-0.493529	-0.918529	0.237655	0.789882	-0.194312	-0.894654	0
508	-1.18011	1.05285	0.542556	0.441873	1.66	-0.61509	-1.04674	1.15631	-0.287892	-0.918529	0.237655	-0.371833	-0.19508	-0.894654	1
509	0.275181	-0.453727	-1.78269	0.441873	-0.347713	0.232061	-1.04674	-0.86357	-0.493529	-0.918529	-3.10892	0.092853	-0.195272	-0.894654	1
510	-0.202324	-0.252849	0.542556	0.441873	-0.347713	0.38147	0.953958	1.15631	0.123382	1.08712	0.237655	0.842159	-0.195272	-0.894654	1
511	-0.856152	-0.805262	-1.78269	1.25637	1.15807	-0.440281	-1.04674	-0.86357	-0.493529	1.08712	0.237655	-0.30213	-0.194888	-0.894654	1
512	-1.13034	1.10307	0.542556	0.170375	1.66	-0.340177	-1.04674	-0.86357	-0.493529	-0.918529	0.237655	0.789882	-0.192777	-0.894654	1
513	-0.301031	-0.353288	0.542556	0.441873	-0.347713	-0.440281	-1.04674	-0.86357	-0.493529	1.08712	0.237655	0.67371	-0.182412	-0.894654	1
514	1.20319	1.15329	0.542556	0.98487	-0.347713	0.829698	0.953958	1.15631	0.94593	1.08712	0.237655	-1.06886	-0.195272	1.11613	0
515	-0.743947	1.35417	0.542556	-1.18712	-0.347713	-0.540385	-1.04674	-0.86357	-0.493529	-0.918529	0.237655	-1.06886	-0.195272	-0.894654	1
516	0.000151612	-0.252849	0.542556	-1.45861	-0.347713	0.232061	0.953958	-0.86357	-0.493529	1.08712	0.237655	0.67371	-0.195272	-0.894654	0
517	-0.940517	0.55066	0.542556	-0.915618	-0.347713	-0.216167	0.953958	1.15631	-0.287892	-0.918529	0.237655	-0.13949	-0.150359	1.11613	0
518	-0.870494	-0.486871	0.542556	-1.18712	0.154216	-0.514985	0.953958	1.15631	0.329019	-0.918529	-3.10892	-0.604176	-0.195272	1.11613	0
519	-0.413236	-0.102191	0.542556	1.52787	-0.347713	0.617537	0.953958	1.15631	-0.287892	1.08712	0.237655	-0.371833	-0.195272	1.11613	1
520	-0.357556	-0.621459	0.542556	-1.73011	-1.8535	-0.664395	-1.04674	-0.86357	-0.493529	-0.918529	0.237655	0.906053	-0.19508	-0.894654	0
521	0.886827	-0.747007	0.542556	0.441873	-0.347713	0.829698	0.953958	1.15631	0.740293	1.08712	0.237655	1.83543	1.72408	1.11613	1
522	-1.12359	1.05285	0.542556	0.441873	-0.347713	-0.365576	-1.04674	1.15631	-0.287892	-0.918529	0.237655	-0.371833	-0.19508	-0.894654	0
523	-0.258849	-0.755042	0.542556	0.98487	-0.347713	-0.365576	0.953958	1.15631	-0.0822548	1.08712	0.237655	-0.09883	-0.0993043	-0.894654	0
524	-0.849403	0.249344	0.542556	-0.372622	-0.347713	0.0826515	0.953958	1.15631	0.123382	-0.918529	0.237655	-0.604176	-0.0190755	1.11613	0
525	-0.821562	1.25373	0.542556	1.79936	-0.347713	-0.577737	0.953958	1.15631	0.740293	-0.918529	0.237655	-0.366024	-0.195272	1.11613	1
526	-0.81397	-0.855481	0.542556	0.170375	-0.347713	-0.627042	-1.04674	-0.86357	-0.493529	-0.918529	0.237655	1.02222	-0.195272	-0.894654	1
527	0.092953	0.851976	-1.78269	0.441873	1.66	0.904402	0.953958	-0.86357	-0.493529	1.08712	0.237655	-0.174341	-0.195272	1.11613	1
528	1.16101	-0.755042	0.542556	0.98487	-0.347713	-0.627042	-1.04674	-0.86357	-0.493529	1.08712	0.237655	0.458793	-0.195272	-0.894654	0
529	-0.673924	-0.838407	-1.78269	-1.73011	-1.8535	-0.627042	-1.04674	-0.86357	-0.493529	-0.918529	0.237655	-0.371833	-0.178573	-0.894654	0
530	-1.15143	-0.847446	0.542556	0.170375	-0.347713	-0.141462	-1.04674	1.15631	-0.287892	1.08712	0.237655	-0.604176	-0.194312	-0.894654	0
531	0.120793	-0.453727	-1.78269	0.441873	-0.347713	1.42733	-1.04674	-0.86357	-0.493529	1.08712	0.237655	0.557539	-0.195272	-0.894654	1
532	-0.750696	-0.888626	0.542556	0.98487	-0.347713	-0.440281	-1.04674	-0.86357	-0.493529	-0.918529	-3.10892	-0.13949	-0.195272	-0.894654	0
533	0.261683	-0.738972	0.542556	-0.101123	-0.347713	-0.316271	-1.04674	-0.86357	-0.493529	-0.918529	-3.10892	-0.906222	-0.195272	-0.894654	1
534	-0.160142	-0.671678	0.542556	0.441873	1.66	-0.440281	0.953958	1.15631	-0.287892	-0.918529	0.237655	0.325196	-0.176078	1.11613	1
535	0.0220865	-0.453727	0.542556	-0.372622	-0.347713	1.57674	0.953958	-0.86357	-0.493529	1.08712	0.237655	1.96902	-0.195272	-0.894654	1
536	-0.919426	-0.58731	0.542556	0.98487	-0.347713	-0.0413582	0.953958	1.15631	0.534656	-0.918529	0.237655	0.209025	0.285141	1.11613	0
537	0.184067	-0.403507	0.542556	-1.18712	0.154216	-0.664395	-1.04674	-0.86357	-0.493529	-0.918529	0.237655	-0.0233185	-0.195272	-0.894654	1
538	-0.800471	-0.789192	0.542556	0.170375	1.66	-0.0174527	-1.04674	-0.86357	-0.493529	1.08712	0.237655	-0.325364	-0.195272	1.11613	1
539	0.324956	1.45461	0.542556	0.98487	1.66	3.51906	0.953958	1.15631	1.15157	-0.918529	0.237655	-1.06886	1.06958	1.11613	0
540	0.0296793	-0.060007	0.542556	1.52787	1.66	1.14047	0.953958	1.15631	0.123382	-0.918529	0.237655	0.737605	-0.137691	1.11613	1
541	-0.750696	-0.797227	0.542556	-1.18712	-0.347713	-0.638995	-1.04674	-0.86357	-0.493529	-0.918529	0.237655	-0.232427	-0.195272	-0.894654	0
542	-0.413236	1.97388	0.542556	-1.18712	0.154216	-0.664395	-1.04674	-0.86357	-0.493529	1.08712	0.237655	-0.0349356	-0.195272	-0.894654	1
543	1.04881	-0.554165	0.542556	-0.101123	-0.347713	-0.141462	0.953958	1.15631	-0.0822548	1.08712	0.237655	-1.06886	-0.192393	1.11613	1
544	-0.117959	-0.737968	-1.78269	0.170375	-0.347713	-0.652442	-1.04674	-0.86357	-0.493529	-0.918529	0.237655	-0.0814042	-0.160915	-0.894654	1
545	0.521527	0.450221	0.542556	0.98487	1.66	2.77202	0.953958	1.15631	0.94593	1.08712	0.237655	0.67371	-0.194312	-0.894654	1
546	-1.2223	-0.938845	-1.78269	0.170375	-0.347713	-0.652442	-1.04674	-0.86357	-0.493529	-0.918529	0.237655	-0.255661	-0.0566948	-0.894654	1
547	1.48497	-0.495911	0.542556	-1.73011	-1.8535	-0.577737	-1.04674	-0.86357	-0.493529	-0.918529	0.237655	0.092853	-0.194696	-0.894654	1
548	-0.729605	-0.921771	0.542556	-0.101123	-0.347713	-0.638995	-1.04674	-0.86357	-0.493529	-0.918529	-3.10892	-1.06886	-0.195272	-0.894654	1
549	0.275181	-0.704823	-1.78269	-1.18712	1.66	-0.514985	-1.04674	-0.86357	-0.493529	1.08712	0.237655	-0.13949	-0.195272	-0.894654	0
550	1.0699	1.25373	-1.78269	-1.45861	-0.347713	-0.216167	0.953958	-0.86357	-0.493529	-0.918529	-3.10892	-1.06886	-0.195272	-0.894654	1
551	2.35646	-0.403507	0.542556	0.441873	-0.347713	-0.141462	0.953958	1.15631	0.534656	1.08712	0.237655	-0.720347	-0.184139	1.11613	1
552	-0.511943	-0.880591	0.542556	-0.101123	-0.347713	-0.58969	0.953958	1.15631	0.123382	-0.918529	0.237655	0.441367	2.70448	1.11613	1
553	0.844644	-0.747007	0.542556	-0.372622	-0.347713	-0.46568	-1.04674	-0.86357	-0.493529	-0.918529	0.237655	0.325196	-0.149783	-0.894654	0
554	1.51956	2.86075	0.542556	-1.73011	-1.8535	-0.664395	0.953958	1.15631	-0.287892	-0.918529	0.237655	-0.522856	-0.195272	-0.894654	1
555	0.198409	-0.637529	-1.78269	-1.73011	-1.8535	-0.664395	0.953958	-0.86357	-0.493529	-0.918529	0.237655	0.789882	-0.195272	-0.894654	0
556	-1.04597	-0.152411	-1.78269	-1.18712	-0.347713	-0.365576	-1.04674	-0.86357	-0.493529	1.08712	0.237655	1.02222	-0.00333688	-0.894654	1
557	-0.596308	-0.470801	-1.78269	0.170375	-0.347713	-0.664395	-1.04674	-0.86357	-0.493529	-0.918529	0.237655	-0.371833	-0.195272	-0.894654	0
558	-0.695015	-0.654604	0.542556	0.170375	1.66	-0.241567	0.953958	-0.86357	-0.493529	-0.918529	0.237655	1.38236	-0.156885	1.11613	1
559	3.17227	0.851976	0.542556	-1.73011	-1.8535	0.530879	-1.04674	1.15631	-0.287892	-0.918529	0.237655	-0.662262	-0.19412	-0.894654	1
560	1.35843	-0.897665	0.542556	0.170375	0.154216	3.81788	0.953958	1.15631	3.61921	-0.918529	0.237655	-1.06886	2.68375	1.11613	1
561	0.141885	-0.453727	-1.78269	0.170375	-0.347713	0.0826515	-1.04674	-0.86357	-0.493529	1.08712	0.237655	-1.06886	-0.194888	-0.894654	0
562	0.985533	-0.353288	0.542556	0.98487	1.66	1.12852	0.953958	1.15631	1.76848	-0.918529	0.237655	-0.604176	-0.195272	1.11613	1
563	-0.722855	-0.830371	-1.78269	-0.372622	-0.347713	-0.627042	0.953958	-0.86357	-0.493529	-0.918529	0.237655	-0.0233185	-0.19508	-0.894654	1
564	0.268432	-0.453727	0.542556	1.52787	0.154216	-0.514985	-1.04674	-0.86357	-0.493529	-0.918529	0.237655	0.952522	-0.195272	-0.894654	1
565	2.11012	2.76031	0.542556	-1.45861	0.154216	3.81788	0.953958	1.15631	3.0023	1.08712	0.237655	-1.06886	-0.195272	1.11613	1
566	1.06315	0.382927	0.542556	0.98487	-0.347713	1.53939	0.953958	1.15631	0.123382	1.08712	0.237655	-1.06886	-0.195272	1.11613	0
567	1.07665	-0.95592	0.542556	0.170375	-0.347713	0.0826515	0.953958	-0.86357	-0.493529	-0.918529	0.237655	-1.06886	-0.195272	1.11613	0
568	0.22625	-0.604384	0.542556	0.441873	0.154216	-0.58969	0.953958	-0.86357	-0.493529	1.08712	0.237655	-0.122064	-0.195272	-0.894654	1
569	1.13317	-0.0348973	0.542556	-0.915618	1.66	-0.365576	-1.04674	-0.86357	-0.493529	1.08712	-3.10892	0.325196	-0.195272	-0.894654	0
570	-0.0833696	-0.411542	-1.78269	-0.101123	-0.347713	-0.627042	-1.04674	-0.86357	-0.493529	1.08712	-3.10892	-0.604176	-0.195272	-0.894654	1
571	-0.328871	-0.805262	0.542556	0.98487	1.66	-0.61509	-1.04674	-0.86357	-0.493529	1.08712	0.237655	0.209025	-0.147096	-0.894654	1
572	-1.02488	0.500441	0.542556	-0.101123	-0.347713	-0.652442	-1.04674	1.15631	-0.287892	-0.918529	0.237655	-0.488004	-0.19508	-0.894654	1
573	0.823553	-0.755042	0.542556	-1.18712	0.154216	0.00794684	0.953958	-0.86357	-0.493529	1.08712	0.237655	-1.06886	-0.137691	1.11613	0
574	-0.680673	-0.654604	0.542556	0.441873	-0.347713	-0.402929	-1.04674	-0.86357	-0.493529	1.08712	0.237655	-0.13949	-0.195272	-0.894654	0
575	0.0085881	-0.789192	0.542556	1.79936	-0.347713	-0.265472	0.953958	1.15631	1.15157	1.08712	0.237655	0.691136	0.436194	1.11613	1
576	-1.15902	1.25373	0.542556	1.79936	1.66	-0.365576	0.953958	1.15631	1.76848	-0.918529	0.237655	-1.06886	0.380533	1.11613	0
577	0.135135	-0.503946	-1.78269	1.52787	-0.347713	0.38147	-1.04674	-0.86357	-0.493529	1.08712	0.237655	0.092853	-0.168209	-0.894654	0
578	1.76591	0.450221	0.542556	-0.372622	1.66	0.232061	-1.04674	-0.86357	-0.493529	-0.918529	0.237655	-1.06886	-0.195272	-0.894654	0
579	-0.518692	-0.729933	0.542556	0.98487	-0.347713	-0.278919	0.953958	1.15631	-0.0822548	-0.918529	0.237655	0.092853	-0.195272	-0.894654	0
580	0.760279	-0.654604	0.542556	-1.18712	0.154216	-0.664395	-1.04674	-0.86357	-0.493529	-0.918529	-3.10892	0.67371	-0.195272	-0.894654	1
581	-0.64524	-0.838407	-1.78269	1.52787	1.66	-0.627042	-1.04674	-0.86357	-0.493529	-0.918529	0.237655	0.325196	-0.19508	-0.894654	1
582	2.06119	1.55505	0.542556	-0.915618	1.66	1.72615	0.953958	-0.86357	-0.493529	1.08712	0.237655	-0.929456	0.193972	1.11613	1
583	-0.258849	-0.345253	-1.78269	1.79936	1.66	0.0946042	0.953958	1.15631	-0.287892	-0.918529	0.237655	-0.662262	-0.195272	1.11613	0
584	0.0431777	-0.152411	0.542556	-0.101123	-0.347713	0.0826515	0.953958	-0.86357	-0.493529	1.08712	0.237655	1.02222	-0.195272	1.11613	1
585	-0.877243	-0.780152	-1.78269	0.170375	1.66	-0.58969	-1.04674	-0.86357	-0.493529	-0.918529	0.237655	0.557539	-0.156117	-0.894654	1
586	0.2195	0.886125	0.542556	0.170375	-0.347713	0.680288	0.953958	1.15631	1.97411	1.08712	0.237655	-1.06886	-0.152854	1.11613	1
587	0.985533	4.1082	0.542556	0.98487	1.66	-0.601643	0.953958	1.15631	-0.287892	-0.918529	0.237655	3.34565	-0.177998	-0.894654	1
588	0.563709	0.249344	0.542556	-0.915618	-0.347713	-0.365576	0.953958	-0.86357	-0.493529	1.08712	0.237655	-1.06886	-0.195272	1.11613	0
589	0.493686	-0.54613	0.542556	0.441873	-0.347713	-0.652442	0.953958	-0.86357	-0.493529	1.08712	0.237655	1.25457	0.91795	1.11613	1
590	-0.146643	-0.54613	-1.78269	1.79936	1.66	-0.652442	-1.04674	-0.86357	-0.493529	-0.918529	0.237655	-0.325364	-0.19508	-0.894654	1
591	0.486093	-0.420582	0.542556	1.52787	-0.347713	-0.61509	-1.04674	-0.86357	-0.493529	1.08712	0.237655	-1.06886	-0.0991123	-0.894654	1
592	-0.020096	2.96119	0.542556	0.170375	-0.347713	1.42733	0.953958	1.15631	2.79666	-0.918529	0.237655	-1.06886	0.764402	1.11613	1
593	0.380637	-0.445691	0.542556	-1.73011	-1.8535	-0.664395	-1.04674	-0.86357	-0.493529	-0.918529	0.237655	-1.06886	-0.00333688	-0.894654	1
594	-0.933768	-0.470801	0.542556	0.170375	-0.347713	-0.0667578	0.953958	1.15631	1.76848	1.08712	0.237655	0.092853	0.380533	1.11613	1
595	1.31624	0.216199	0.542556	0.441873	-0.347713	0.979107	-1.04674	-0.86357	-0.493529	-0.918529	0.237655	1.63213	-0.166481	-0.894654	1
596	-0.80722	0.617954	-1.78269	-1.18712	0.154216	-0.61509	-1.04674	-0.86357	-0.493529	1.08712	0.237655	-8.41822e-05	-0.195272	-0.894654	1
597	-0.933768	1.05285	-1.78269	0.170375	-0.347713	0.0826515	0.953958	-0.86357	-0.493529	-0.918529	-3.10892	-0.836519	-0.195272	1.11613	1
598	0.282774	-0.453727	0.542556	0.441873	-0.347713	-0.664395	0.953958	-0.86357	-0.493529	1.08712	0.237655	0.319387	-0.156885	1.11613	1
599	-0.631741	-0.780152	0.542556	-0.101123	-0.347713	-0.638995	-1.04674	1.15631	0.329019	-0.918529	0.237655	0.406516	0.179001	-0.894654	1
600	0.486093	0.349783	0.542556	-0.101123	1.66	0.605584	0.953958	1.15631	1.97411	1.08712	0.237655	-0.528664	-0.195272	1.11613	1
601	-0.912676	0.96045	0.542556	-1.18712	-0.347713	-0.652442	-1.04674	-0.86357	-0.493529	-0.918529	0.237655	0.092853	-0.00333688	-0.894654	0
602	0.430413	-0.303069	0.542556	0.98487	1.66	2.02497	0.953958	-0.86357	-0.493529	1.08712	0.237655	-0.476387	-0.0726253	1.11613	1
603	-0.758289	1.06089	0.542556	1.79936	-0.347713	-0.652442	0.953958	1.15631	1.3572	-0.918529	0.237655	-0.720347	-0.119266	1.11613	1
604	-0.392145	1.75592	0.542556	0.98487	1.66	0.829698	0.953958	1.15631	-0.0822548	-0.918529	0.237655	-1.06886	0.764402	1.11613	0
605	1.27406	-0.863516	0.542556	1.52787	1.66	-0.540385	0.953958	1.15631	1.76848	1.08712	0.237655	1.48691	-0.19412	1.11613	0
606	1.73807	-0.95592	-1.78269	-1.73011	-1.8535	-0.664395	-1.04674	-0.86357	-0.493529	-0.918529	0.237655	-1.06886	-0.195272	-0.894654	0
607	0.641325	-0.453727	-1.78269	-1.18712	1.66	2.32379	-1.04674	-0.86357	-0.493529	1.08712	-3.10892	0.092853	-0.195272	-0.894654	1
608	0.641325	-0.629494	0.542556	0.170375	-0.347713	-0.216167	0.953958	1.15631	1.56284	-0.918529	0.237655	0.011533	0.706822	1.11613	1
609	-0.328871	-0.54613	0.542556	0.441873	-0.347713	-0.58969	-1.04674	-0.86357	-0.493529	1.08712	0.237655	-0.0233185	-0.185675	-0.894654	0
610	-1.04597	0.952415	0.542556	0.441873	-0.347713	-0.216167	0.953958	-0.86357	-0.493529	-0.918529	0.237655	-0.371833	0.228136	1.11613	1
611	0.669165	-0.102191	0.542556	0.170375	0.154216	1.27793	0.953958	1.15631	2.79666	-0.918529	0.237655	-0.389259	0.0369694	1.11613	1
612	0.409321	-0.805262	-1.78269	-1.45861	-0.347713	-0.489586	-1.04674	-0.86357	-0.493529	-0.918529	0.237655	0.325196	-0.194696	-0.894654	1
613	-0.455419	-0.9057	0.542556	-1.18712	0.154216	-0.664395	0.953958	-0.86357	-0.493529	1.08712	0.237655	-1.06886	-0.195272	1.11613	1
614	0.662416	-0.61242	-1.78269	-0.101123	-0.347713	-0.61509	-1.04674	-0.86357	-0.493529	-0.918529	-3.10892	1.25457	-0.195272	-0.894654	1
615	0.873328	-0.871551	0.542556	0.170375	1.66	-0.601643	0.953958	1.15631	0.740293	-0.918529	0.237655	0.209025	-0.0133175	1.11613	1
616	-0.863745	0.55066	0.542556	-0.372622	-0.347713	-0.241567	0.953958	1.15631	-0.287892	-0.918529	0.237655	-0.604176	1.68569	1.11613	1
617	-0.969201	-0.704823	0.542556	0.170375	-0.347713	-0.664395	-1.04674	-0.86357	-0.493529	-0.918529	0.237655	-1.06886	-0.195272	-0.894654	0
618	-0.336464	-0.353288	0.542556	-0.101123	-0.347713	0.169309	-1.04674	1.15631	-0.287892	1.08712	0.237655	0.557539	-0.193352	-0.894654	0
619	-0.842654	-0.797227	-1.78269	1.52787	-0.347713	-0.46568	-1.04674	-0.86357	-0.493529	-0.918529	0.237655	-0.13949	-0.195272	-0.894654	1
620	-0.27994	0.0735764	0.542556	1.79936	-0.347713	0.754993	0.953958	1.15631	-0.0822548	-0.918529	0.237655	1.37074	-0.193928	1.11613	1
621	-0.392145	-0.503946	0.542556	-1.18712	0.154216	-0.514985	-1.04674	-0.86357	-0.493529	1.08712	0.237655	2.64863	0.572468	-0.894654	1
622	-1.10925	0.902195	0.542556	0.98487	-0.347713	-0.302824	0.953958	1.15631	0.329019	-0.918529	0.237655	-0.720347	-0.0916269	1.11613	0
623	-0.701764	0.224234	0.542556	0.98487	-0.347713	0.28286	0.953958	1.15631	1.56284	-0.918529	0.237655	-0.371833	-0.148248	1.11613	0
624	-0.673924	-0.596349	0.542556	0.170375	-0.347713	-0.503033	-1.04674	-0.86357	-0.493529	1.08712	0.237655	-0.278896	-0.19508	-0.894654	1
625	-0.273191	0.0484667	0.542556	0.441873	-0.347713	2.62261	0.953958	-0.86357	-0.493529	1.08712	0.237655	-0.662262	-0.195272	1.11613	1
626	-0.497601	-0.511981	-1.78269	-0.372622	-0.347713	0.530879	0.953958	-0.86357	-0.493529	-0.918529	0.237655	0.0231501	-0.195272	-0.894654	1
627	-0.252099	-0.621459	0.542556	0.98487	-0.347713	0.0572519	0.953958	-0.86357	-0.493529	1.08712	0.237655	1.48691	-0.195272	-0.894654	0
628	-0.729605	-0.320143	-1.78269	0.170375	-0.347713	-0.61509	-1.04674	-0.86357	-0.493529	-0.918529	0.237655	-0.13949	0.00779533	-0.894654	1
629	-0.596308	-0.747007	-1.78269	-1.73011	-1.8535	-0.514985	0.953958	1.15631	0.123382	-0.918529	0.237655	-0.0233185	-0.167057	-0.894654	0
630	-0.575217	-0.847446	0.542556	-0.101123	-0.347713	-0.365576	-1.04674	-0.86357	-0.493529	1.08712	0.237655	-0.371833	-0.19508	-0.894654	1
631	0.0364285	-0.604384	-1.78269	0.713372	1.66	-0.652442	0.953958	-0.86357	-0.493529	1.08712	0.237655	1.21391	-0.195272	1.11613	1
632	1.39302	-0.20263	0.542556	-1.18712	0.154216	-0.365576	-1.04674	-0.86357	-0.493529	-0.918529	0.237655	-0.488004	-0.194888	-0.894654	1
633	-0.265598	-0.252849	0.542556	0.441873	-0.347713	-0.414881	0.953958	-0.86357	-0.493529	-0.918529	-3.10892	0.557539	-0.195272	1.11613	0
634	-0.518692	-0.847446	0.542556	0.441873	-0.347713	-0.61509	-1.04674	1.15631	-0.287892	-0.918529	0.237655	0.51107	-0.110053	-0.894654	1
635	-1.09575	1.11111	0.542556	-1.73011	-1.8535	-0.540385	-1.04674	-0.86357	-0.493529	-0.918529	0.237655	-0.604176	-0.195272	-0.894654	1
636	-0.835061	-0.721898	-1.78269	-0.915618	-0.347713	0.0826515	0.953958	1.15631	-0.287892	-0.918529	0.237655	-0.0233185	-0.191433	-0.894654	1
637	-0.589559	-0.704823	0.542556	0.170375	-0.347713	-0.58969	-1.04674	-0.86357	-0.493529	-0.918529	0.237655	-0.429919	-0.195272	-0.894654	1
638	-1.28557	-0.135336	0.542556	-1.18712	1.66	-0.540385	-1.04674	-0.86357	-0.493529	1.08712	0.237655	-0.371833	-0.195272	-0.894654	1
639	-0.406487	-0.554165	0.542556	-1.45861	-0.347713	-0.440281	-1.04674	-0.86357	-0.493529	1.08712	0.237655	-0.604176	-0.195272	-0.894654	1
640	1.40061	-0.252849	0.542556	-0.372622	-0.347713	0.38147	0.953958	-0.86357	-0.493529	-0.918529	-3.10892	0.26711	-0.195272	1.11613	1
641	-0.680673	-0.403507	0.542556	-1.73011	-1.8535	0.680288	-1.04674	-0.86357	-0.493529	-0.918529	0.237655	-0.13949	-0.190473	-0.894654	1
642	0.795712	-0.54613	-1.78269	0.98487	1.66	-0.627042	0.953958	1.15631	4.23612	1.08712	0.237655	1.57404	0.0419597	1.11613	0
643	0.303865	4.09112	0.542556	1.79936	1.66	-0.178815	0.953958	1.15631	-0.287892	1.08712	0.237655	1.92255	-0.0993043	1.11613	1
644	-0.659582	1.45461	0.542556	0.170375	-0.347713	-0.0413582	-1.04674	-0.86357	-0.493529	-0.918529	-3.10892	-0.604176	-0.195272	-0.894654	1
645	-1.08816	0.0484667	0.542556	0.98487	-0.347713	-0.552338	0.953958	1.15631	-0.0822548	-0.918529	0.237655	-1.06886	-0.187978	-0.894654	1
646	-0.104461	-0.855481	0.542556	-1.45861	1.66	-0.638995	-1.04674	-0.86357	-0.493529	1.08712	-3.10892	0.394899	-0.195272	-0.894654	1
647	-0.997041	-0.805262	0.542556	0.170375	-0.347713	-0.426834	0.953958	1.15631	0.534656	1.08712	0.237655	-0.255661	-0.194312	-0.894654	0
648	-0.455419	-0.788187	0.542556	1.52787	-0.347713	-0.316271	-1.04674	-0.86357	-0.493529	-0.918529	0.237655	-0.488004	-0.195272	-0.894654	1
649	-0.237757	-0.654604	-1.78269	0.170375	-0.347713	-0.216167	0.953958	-0.86357	-0.493529	1.08712	0.237655	-1.06886	-0.152086	-0.894654	1
650	-0.244507	0.91927	0.542556	0.98487	1.66	1.02841	0.953958	1.15631	0.740293	-0.918529	0.237655	1.14421	-0.163027	1.11613	1
651	-0.469761	-0.755042	0.542556	0.98487	-0.347713	-0.141462	0.953958	-0.86357	-0.493529	1.08712	0.237655	0.557539	-0.195272	1.11613	1
652	-0.680673	-0.320143	-1.78269	-0.915618	-0.347713	-0.540385	-1.04674	1.15631	-0.287892	1.08712	0.237655	0.557539	-0.179917	-0.894654	1
653	-0.44192	1.65549	0.542556	0.713372	-1.35157	-0.664395	-1.04674	-0.86357	-0.493529	1.08712	0.237655	-0.255661	0.0177759	-0.894654	1
654	1.9203	0.400002	0.542556	0.170375	1.66	0.120004	0.953958	1.15631	1.76848	1.08712	0.237655	-1.06886	-0.140762	1.11613	1
655	0.000151612	-0.880591	0.542556	-1.45861	-0.347713	-0.402929	0.953958	-0.86357	-0.493529	1.08712	-3.10892	4.3215	-0.195272	-0.894654	1
656	-0.533034	1.55505	0.542556	-1.45861	-0.347713	-0.365576	-1.04674	-0.86357	-0.493529	1.08712	0.237655	-0.0233185	0.00856307	-0.894654	0
657	0.135135	-0.320143	-1.78269	1.79936	-0.347713	0.281366	0.953958	1.15631	0.123382	1.08712	0.237655	1.1384	-0.195272	1.11613	1
658	0.669165	-0.629494	0.542556	0.170375	-0.347713	-0.216167	-1.04674	-0.86357	-0.493529	-0.918529	0.237655	-1.06886	-0.13462	-0.894654	1
659	-1.17252	-0.95592	-1.78269	-0.64412	-1.8535	-0.664395	-1.04674	-0.86357	-0.493529	-0.918529	0.237655	-0.569325	-0.195272	-0.894654	0
660	-0.64524	-0.822336	0.542556	0.170375	-0.347713	-0.61509	-1.04674	-0.86357	-0.493529	-0.918529	0.237655	-0.488004	-0.195272	1.11613	1
661	-0.413236	-0.411542	-1.78269	1.52787	-0.347713	0.904402	0.953958	1.15631	-0.287892	-0.918529	0.237655	0.156747	-0.195272	1.11613	1
662	-0.765038	-0.872556	0.542556	-1.18712	-0.347713	-0.564291	-1.04674	-0.86357	-0.493529	1.08712	-3.10892	-0.232427	-0.195272	-0.894654	0
663	0.704598	-0.847446	-1.78269	-0.372622	-0.347713	-0.514985	0.953958	1.15631	0.123382	-0.918529	0.237655	0.092853	-0.00333688	1.11613	1
664	-0.463012	0.784682	0.542556	-0.372622	-0.347713	-0.241567	0.953958	-0.86357	-0.493529	-0.918529	0.237655	-0.13949	-0.166481	1.11613	0
665	-0.97595	-0.95592	0.542556	-1.45861	-0.347713	-0.514985	-1.04674	-0.86357	-0.493529	-0.918529	0.237655	-0.232427	-0.195272	-0.894654	1
666	0.000151612	-0.152411	-1.78269	-1.18712	-0.347713	-0.638995	-1.04674	-0.86357	-0.493529	1.08712	0.237655	1.31846	-0.195272	-0.894654	1
667	-0.406487	-0.0519719	-1.78269	0.170375	0.154216	0.0826515	-1.04674	-0.86357	-0.493529	-0.918529	0.237655	0.092853	0.0369694	-0.894654	1
668	-0.560875	-0.704823	0.542556	-1.73011	-1.8535	-0.664395	0.953958	-0.86357	-0.493529	-0.918529	0.237655	-0.604176	-0.195272	-0.894654	0
669	0.0575197	-0.654604	0.542556	0.170375	-0.347713	-0.58969	-1.04674	-0.86357	-0.493529	1.08712	0.237655	1.09193	-0.171856	-0.894654	0
670	-1.17252	-0.060007	0.542556	0.170375	-0.347713	-0.58969	-1.04674	-0.86357	-0.493529	-0.918529	-3.10892	-0.604176	-0.195272	-0.894654	1
671	0.521527	0.148905	0.542556	0.98487	-0.347713	-0.627042	0.953958	-0.86357	-0.493529	1.08712	0.237655	0.255493	-0.195272	1.11613	0
672	-0.750696	-0.445691	-1.78269	0.170375	1.66	0.108051	0.953958	-0.86357	-0.493529	-0.918529	0.237655	-1.06886	-0.195272	1.11613	1
673	-1.15143	1.09504	0.542556	-1.73011	-1.8535	-0.664395	-1.04674	-0.86357	-0.493529	-0.918529	0.237655	-1.06886	-0.185675	-0.894654	0
674	-0.603057	1.5219	0.542556	0.98487	1.66	-0.190767	0.953958	-0.86357	-0.493529	1.08712	0.237655	-0.371833	-0.195272	1.11613	1
675	-0.490852	-0.855481	0.542556	0.170375	1.66	-0.402929	0.953958	-0.86357	-0.493529	1.08712	0.237655	1.78315	-0.195272	1.11613	0
676	-0.455419	1.55505	-1.78269	-0.915618	1.66	-0.290872	-1.04674	-0.86357	-0.493529	1.08712	0.237655	-1.06886	-0.192009	-0.894654	1
677	-0.743947	0.282489	0.542556	-0.372622	-0.347713	-0.61509	-1.04674	-0.86357	-0.493529	-0.918529	0.237655	0.209025	-0.00333688	-0.894654	0
678	-0.722855	-0.805262	0.542556	-0.101123	-0.347713	-0.514985	0.953958	-0.86357	-0.493529	1.08712	-3.10892	0.789882	-0.195272	-0.894654	1
679	-0.497601	-0.897665	-1.78269	0.170375	-0.347713	-0.216167	-1.04674	-0.86357	-0.493529	1.08712	0.237655	-0.13949	-0.195272	-0.894654	1
680	1.4352	-0.91474	-1.78269	-0.915618	-0.347713	-0.58969	0.953958	1.15631	1.76848	-0.918529	0.237655	1.1384	0.329094	1.11613	1
681	-0.877243	-0.95592	0.542556	0.170375	-0.347713	-0.514985	-1.04674	-0.86357	-0.493529	1.08712	-3.10892	-1.06886	-0.195272	-0.894654	1
682	0.310614	2.35856	-1.78269	0.170375	-0.347713	0.530879	0.953958	-0.86357	-0.493529	-0.918529	0.237655	-0.604176	-0.195272	-0.894654	1
683	-0.729605	1.37124	0.542556	1.52787	-0.347713	-0.652442	0.953958	-0.86357	-0.493529	-0.918529	0.237655	-0.604176	0.0636484	1.11613	0
684	1.40061	-0.687749	0.542556	-1.18712	1.15807	-0.564291	-1.04674	-0.86357	-0.493529	-0.918529	0.237655	-1.06886	-0.17224	-0.894654	0
685	0.964442	-0.897665	-1.78269	1.52787	1.66	-0.141462	0.953958	1.15631	1.15157	-0.918529	0.237655	-0.488004	-0.123296	1.11613	1
686	0.000151612	1.15329	0.542556	1.79936	-0.347713	1.27793	0.953958	-0.86357	-0.493529	-0.918529	0.237655	-1.06886	-0.195272	1.11613	1
687	-0.919426	-0.872556	0.542556	0.170375	-0.347713	-0.627042	-1.04674	-0.86357	-0.493529	-0.918529	0.237655	-1.06886	-0.186827	-0.894654	1
688	-1.07466	0.96045	0.542556	-0.372622	-0.347713	-0.638995	0.953958	-0.86357	-0.493529	-0.918529	0.237655	-0.488004	-0.195272	1.11613	0
689	-0.349963	1.9568	0.542556	1.79936	1.66	0.25746	0.953958	1.15631	-0.287892	-0.918529	0.237655	-0.371833	-0.19316	1.11613	0
690	0.795712	-0.947885	0.542556	0.713372	-0.347713	-0.652442	-1.04674	1.15631	-0.287892	-0.918529	-3.10892	2.18394	-0.195272	1.11613	1
