	f1	f2	f3	f4	f5	f6	f7	f8	f9	clase
1	-1.03463	-1.10625	-1.03463	-1.10625	1.24135	1.22296	-1.03463	1.22296	1.23091	1
2	-1.03463	-1.10625	-1.03463	-1.10625	1.24135	1.22296	1.23091	-1.10625	1.23091	1
3	-1.03463	-1.10625	-1.03463	-1.10625	1.24135	1.22296	1.23091	1.22296	-1.03463	1
4	-1.03463	-1.10625	-1.03463	-1.10625	1.24135	1.22296	1.23091	0.0583518	0.098142	1
5	-1.03463	-1.10625	-1.03463	-1.10625	1.24135	1.22296	0.098142	1.22296	0.098142	1
6	-1.03463	-1.10625	-1.03463	-1.10625	1.24135	1.22296	0.098142	0.0583518	1.23091	1
7	-1.03463	-1.10625	-1.03463	-1.10625	1.24135	0.0583518	1.23091	1.22296	0.098142	1
8	-1.03463	-1.10625	-1.03463	-1.10625	1.24135	0.0583518	1.23091	0.0583518	1.23091	1
9	-1.03463	-1.10625	-1.03463	-1.10625	1.24135	0.0583518	0.098142	1.22296	1.23091	1
10	-1.03463	-1.10625	-1.03463	-1.10625	0.136133	1.22296	1.23091	1.22296	0.098142	1
11	-1.03463	-1.10625	-1.03463	-1.10625	0.136133	1.22296	1.23091	0.0583518	1.23091	1
12	-1.03463	-1.10625	-1.03463	-1.10625	0.136133	1.22296	0.098142	1.22296	1.23091	1
13	-1.03463	-1.10625	-1.03463	1.22296	-0.96908	1.22296	-1.03463	1.22296	1.23091	1
14	-1.03463	-1.10625	-1.03463	1.22296	-0.96908	1.22296	1.23091	-1.10625	1.23091	1
15	-1.03463	-1.10625	-1.03463	1.22296	-0.96908	1.22296	1.23091	1.22296	-1.03463	1
16	-1.03463	-1.10625	-1.03463	1.22296	-0.96908	1.22296	1.23091	0.0583518	0.098142	1
17	-1.03463	-1.10625	-1.03463	1.22296	-0.96908	1.22296	0.098142	1.22296	0.098142	1
18	-1.03463	-1.10625	-1.03463	1.22296	-0.96908	1.22296	0.098142	0.0583518	1.23091	1
19	-1.03463	-1.10625	-1.03463	1.22296	-0.96908	0.0583518	1.23091	1.22296	0.098142	1
20	-1.03463	-1.10625	-1.03463	1.22296	-0.96908	0.0583518	1.23091	0.0583518	1.23091	1
21	-1.03463	-1.10625	-1.03463	1.22296	-0.96908	0.0583518	0.098142	1.22296	1.23091	1
22	-1.03463	-1.10625	-1.03463	1.22296	1.24135	-1.10625	-1.03463	1.22296	1.23091	1
23	-1.03463	-1.10625	-1.03463	1.22296	1.24135	-1.10625	1.23091	-1.10625	1.23091	1
24	-1.03463	-1.10625	-1.03463	1.22296	1.24135	-1.10625	1.23091	1.22296	-1.03463	1
25	-1.03463	-1.10625	-1.03463	1.22296	1.24135	-1.10625	1.23091	0.0583518	0.098142	1
26	-1.03463	-1.10625	-1.03463	1.22296	1.24135	-1.10625	0.098142	1.22296	0.098142	1
27	-1.03463	-1.10625	-1.03463	1.22296	1.24135	-1.10625	0.098142	0.0583518	1.23091	1
28	-1.03463	-1.10625	-1.03463	1.22296	1.24135	0.0583518	-1.03463	1.22296	0.098142	1
29	-1.03463	-1.10625	-1.03463	1.22296	1.24135	0.0583518	-1.03463	0.0583518	1.23091	1
30	-1.03463	-1.10625	-1.03463	1.22296	1.24135	0.0583518	1.23091	-1.10625	0.098142	1
31	-1.03463	-1.10625	-1.03463	1.22296	1.24135	0.0583518	1.23091	0.0583518	-1.03463	1
32	-1.03463	-1.10625	-1.03463	1.22296	1.24135	0.0583518	0.098142	-1.10625	1.23091	1
33	-1.03463	-1.10625	-1.03463	1.22296	1.24135	0.0583518	0.098142	1.22296	-1.03463	1
34	-1.03463	-1.10625	-1.03463	1.22296	1.24135	0.0583518	0.098142	0.0583518	0.098142	1
35	-1.03463	-1.10625	-1.03463	1.22296	0.136133	-1.10625	1.23091	1.22296	0.098142	1
36	-1.03463	-1.10625	-1.03463	1.22296	0.136133	-1.10625	1.23091	0.0583518	1.23091	1
37	-1.03463	-1.10625	-1.03463	1.22296	0.136133	-1.10625	0.098142	1.22296	1.23091	1
38	-1.03463	-1.10625	-1.03463	1.22296	0.136133	1.22296	-1.03463	1.22296	0.098142	1
39	-1.03463	-1.10625	-1.03463	1.22296	0.136133	1.22296	-1.03463	0.0583518	1.23091	1
40	-1.03463	-1.10625	-1.03463	1.22296	0.136133	1.22296	1.23091	-1.10625	0.098142	1
41	-1.03463	-1.10625	-1.03463	1.22296	0.136133	1.22296	1.23091	0.0583518	-1.03463	1
42	-1.03463	-1.10625	-1.03463	1.22296	0.136133	1.22296	0.098142	-1.10625	1.23091	1
43	-1.03463	-1.10625	-1.03463	1.22296	0.136133	1.22296	0.098142	1.22296	-1.03463	1
44	-1.03463	-1.10625	-1.03463	1.22296	0.136133	1.22296	0.098142	0.0583518	0.098142	1
45	-1.03463	-1.10625	-1.03463	1.22296	0.136133	0.0583518	-1.03463	1.22296	1.23091	1
46	-1.03463	-1.10625	-1.03463	1.22296	0.136133	0.0583518	1.23091	-1.10625	1.23091	1
47	-1.03463	-1.10625	-1.03463	1.22296	0.136133	0.0583518	1.23091	1.22296	-1.03463	1
48	-1.03463	-1.10625	-1.03463	1.22296	0.136133	0.0583518	1.23091	0.0583518	0.098142	1
49	-1.03463	-1.10625	-1.03463	1.22296	0.136133	0.0583518	0.098142	1.22296	0.098142	1
50	-1.03463	-1.10625	-1.03463	1.22296	0.136133	0.0583518	0.098142	0.0583518	1.23091	1
51	-1.03463	-1.10625	-1.03463	0.0583518	-0.96908	1.22296	1.23091	1.22296	0.098142	1
52	-1.03463	-1.10625	-1.03463	0.0583518	-0.96908	1.22296	1.23091	0.0583518	1.23091	1
53	-1.03463	-1.10625	-1.03463	0.0583518	-0.96908	1.22296	0.098142	1.22296	1.23091	1
54	-1.03463	-1.10625	-1.03463	0.0583518	1.24135	-1.10625	1.23091	1.22296	0.098142	1
55	-1.03463	-1.10625	-1.03463	0.0583518	1.24135	-1.10625	1.23091	0.0583518	1.23091	1
56	-1.03463	-1.10625	-1.03463	0.0583518	1.24135	-1.10625	0.098142	1.22296	1.23091	1
57	-1.03463	-1.10625	-1.03463	0.0583518	1.24135	1.22296	-1.03463	1.22296	0.098142	1
58	-1.03463	-1.10625	-1.03463	0.0583518	1.24135	1.22296	-1.03463	0.0583518	1.23091	1
59	-1.03463	-1.10625	-1.03463	0.0583518	1.24135	1.22296	1.23091	-1.10625	0.098142	1
60	-1.03463	-1.10625	-1.03463	0.0583518	1.24135	1.22296	1.23091	0.0583518	-1.03463	1
61	-1.03463	-1.10625	-1.03463	0.0583518	1.24135	1.22296	0.098142	-1.10625	1.23091	1
62	-1.03463	-1.10625	-1.03463	0.0583518	1.24135	1.22296	0.098142	1.22296	-1.03463	1
63	-1.03463	-1.10625	-1.03463	0.0583518	1.24135	1.22296	0.098142	0.0583518	0.098142	1
64	-1.03463	-1.10625	-1.03463	0.0583518	1.24135	0.0583518	-1.03463	1.22296	1.23091	1
65	-1.03463	-1.10625	-1.03463	0.0583518	1.24135	0.0583518	1.23091	-1.10625	1.23091	1
66	-1.03463	-1.10625	-1.03463	0.0583518	1.24135	0.0583518	1.23091	1.22296	-1.03463	1
67	-1.03463	-1.10625	-1.03463	0.0583518	1.24135	0.0583518	1.23091	0.0583518	0.098142	1
68	-1.03463	-1.10625	-1.03463	0.0583518	1.24135	0.0583518	0.098142	1.22296	0.098142	1
69	-1.03463	-1.10625	-1.03463	0.0583518	1.24135	0.0583518	0.098142	0.0583518	1.23091	1
70	-1.03463	-1.10625	-1.03463	0.0583518	0.136133	1.22296	-1.03463	1.22296	1.23091	1
71	-1.03463	-1.10625	-1.03463	0.0583518	0.136133	1.22296	1.23091	-1.10625	1.23091	1
72	-1.03463	-1.10625	-1.03463	0.0583518	0.136133	1.22296	1.23091	1.22296	-1.03463	1
73	-1.03463	-1.10625	-1.03463	0.0583518	0.136133	1.22296	1.23091	0.0583518	0.098142	1
74	-1.03463	-1.10625	-1.03463	0.0583518	0.136133	1.22296	0.098142	1.22296	0.098142	1
75	-1.03463	-1.10625	-1.03463	0.0583518	0.136133	1.22296	0.098142	0.0583518	1.23091	1
76	-1.03463	-1.10625	-1.03463	0.0583518	0.136133	0.0583518	1.23091	1.22296	0.098142	1
77	-1.03463	-1.10625	-1.03463	0.0583518	0.136133	0.0583518	1.23091	0.0583518	1.23091	1
78	-1.03463	-1.10625	-1.03463	0.0583518	0.136133	0.0583518	0.098142	1.22296	1.23091	1
79	-1.03463	-1.10625	1.23091	-1.10625	-0.96908	1.22296	1.23091	1.22296	-1.03463	1
80	-1.03463	-1.10625	1.23091	-1.10625	1.24135	-1.10625	-1.03463	1.22296	1.23091	1
81	-1.03463	-1.10625	1.23091	-1.10625	1.24135	1.22296	-1.03463	1.22296	-1.03463	1
82	-1.03463	-1.10625	1.23091	-1.10625	1.24135	1.22296	-1.03463	0.0583518	0.098142	1
83	-1.03463	-1.10625	1.23091	-1.10625	1.24135	0.0583518	-1.03463	1.22296	0.098142	1
84	-1.03463	-1.10625	1.23091	-1.10625	1.24135	0.0583518	-1.03463	0.0583518	1.23091	1
85	-1.03463	-1.10625	1.23091	-1.10625	0.136133	1.22296	-1.03463	1.22296	0.098142	1
86	-1.03463	-1.10625	1.23091	-1.10625	0.136133	0.0583518	-1.03463	1.22296	1.23091	1
87	-1.03463	-1.10625	1.23091	1.22296	-0.96908	-1.10625	1.23091	-1.10625	1.23091	1
88	-1.03463	-1.10625	1.23091	1.22296	-0.96908	-1.10625	1.23091	1.22296	-1.03463	1
89	-1.03463	-1.10625	1.23091	1.22296	-0.96908	1.22296	-1.03463	1.22296	-1.03463	1
90	-1.03463	-1.10625	1.23091	1.22296	-0.96908	1.22296	1.23091	-1.10625	-1.03463	1
91	-1.03463	-1.10625	1.23091	1.22296	-0.96908	1.22296	0.098142	-1.10625	0.098142	1
92	-1.03463	-1.10625	1.23091	1.22296	-0.96908	1.22296	0.098142	0.0583518	-1.03463	1
93	-1.03463	-1.10625	1.23091	1.22296	-0.96908	0.0583518	1.23091	-1.10625	0.098142	1
94	-1.03463	-1.10625	1.23091	1.22296	-0.96908	0.0583518	1.23091	0.0583518	-1.03463	1
95	-1.03463	-1.10625	1.23091	1.22296	-0.96908	0.0583518	0.098142	-1.10625	1.23091	1
96	-1.03463	-1.10625	1.23091	1.22296	-0.96908	0.0583518	0.098142	1.22296	-1.03463	1
97	-1.03463	-1.10625	1.23091	0.0583518	-0.96908	1.22296	1.23091	-1.10625	0.098142	1
98	-1.03463	-1.10625	1.23091	0.0583518	-0.96908	1.22296	1.23091	0.0583518	-1.03463	1
99	-1.03463	-1.10625	1.23091	0.0583518	-0.96908	1.22296	0.098142	1.22296	-1.03463	1
100	-1.03463	-1.10625	1.23091	0.0583518	-0.96908	0.0583518	1.23091	-1.10625	1.23091	1
101	-1.03463	-1.10625	1.23091	0.0583518	-0.96908	0.0583518	1.23091	1.22296	-1.03463	1
102	-1.03463	-1.10625	0.098142	-1.10625	1.24135	1.22296	-1.03463	1.22296	0.098142	1
103	-1.03463	-1.10625	0.098142	-1.10625	1.24135	1.22296	-1.03463	0.0583518	1.23091	1
104	-1.03463	-1.10625	0.098142	-1.10625	1.24135	0.0583518	-1.03463	1.22296	1.23091	1
105	-1.03463	-1.10625	0.098142	-1.10625	0.136133	1.22296	-1.03463	1.22296	1.23091	1
106	-1.03463	-1.10625	0.098142	1.22296	-0.96908	1.22296	1.23091	-1.10625	0.098142	1
107	-1.03463	-1.10625	0.098142	1.22296	-0.96908	1.22296	1.23091	0.0583518	-1.03463	1
108	-1.03463	-1.10625	0.098142	1.22296	-0.96908	1.22296	0.098142	-1.10625	1.23091	1
109	-1.03463	-1.10625	0.098142	1.22296	-0.96908	1.22296	0.098142	1.22296	-1.03463	1
110	-1.03463	-1.10625	0.098142	1.22296	-0.96908	0.0583518	1.23091	-1.10625	1.23091	1
111	-1.03463	-1.10625	0.098142	1.22296	-0.96908	0.0583518	1.23091	1.22296	-1.03463	1
112	-1.03463	-1.10625	0.098142	0.0583518	-0.96908	1.22296	1.23091	-1.10625	1.23091	1
113	-1.03463	-1.10625	0.098142	0.0583518	-0.96908	1.22296	1.23091	1.22296	-1.03463	1
114	-1.03463	1.22296	-1.03463	-1.10625	-0.96908	1.22296	-1.03463	1.22296	1.23091	1
115	-1.03463	1.22296	-1.03463	-1.10625	-0.96908	1.22296	1.23091	1.22296	-1.03463	1
116	-1.03463	1.22296	-1.03463	-1.10625	1.24135	1.22296	-1.03463	-1.10625	1.23091	1
117	-1.03463	1.22296	-1.03463	-1.10625	1.24135	1.22296	-1.03463	0.0583518	0.098142	1
118	-1.03463	1.22296	-1.03463	-1.10625	1.24135	0.0583518	-1.03463	0.0583518	1.23091	1
119	-1.03463	1.22296	-1.03463	-1.10625	0.136133	1.22296	-1.03463	1.22296	0.098142	1
120	-1.03463	1.22296	-1.03463	-1.10625	0.136133	1.22296	-1.03463	0.0583518	1.23091	1
121	-1.03463	1.22296	-1.03463	-1.10625	0.136133	0.0583518	-1.03463	1.22296	1.23091	1
122	-1.03463	1.22296	-1.03463	1.22296	-0.96908	-1.10625	-1.03463	1.22296	1.23091	1
123	-1.03463	1.22296	-1.03463	1.22296	-0.96908	-1.10625	1.23091	1.22296	-1.03463	1
124	-1.03463	1.22296	-1.03463	1.22296	-0.96908	1.22296	-1.03463	-1.10625	1.23091	1
125	-1.03463	1.22296	-1.03463	1.22296	-0.96908	1.22296	-1.03463	1.22296	-1.03463	1
126	-1.03463	1.22296	-1.03463	1.22296	-0.96908	1.22296	-1.03463	0.0583518	0.098142	1
127	-1.03463	1.22296	-1.03463	1.22296	-0.96908	1.22296	1.23091	-1.10625	-1.03463	1
128	-1.03463	1.22296	-1.03463	1.22296	-0.96908	1.22296	0.098142	0.0583518	-1.03463	1
129	-1.03463	1.22296	-1.03463	1.22296	-0.96908	0.0583518	-1.03463	1.22296	0.098142	1
130	-1.03463	1.22296	-1.03463	1.22296	-0.96908	0.0583518	-1.03463	0.0583518	1.23091	1
131	-1.03463	1.22296	-1.03463	1.22296	-0.96908	0.0583518	1.23091	0.0583518	-1.03463	1
132	-1.03463	1.22296	-1.03463	1.22296	-0.96908	0.0583518	0.098142	1.22296	-1.03463	1
133	-1.03463	1.22296	-1.03463	1.22296	1.24135	-1.10625	1.23091	-1.10625	-1.03463	1
134	-1.03463	1.22296	-1.03463	1.22296	1.24135	-1.10625	0.098142	0.0583518	-1.03463	1
135	-1.03463	1.22296	-1.03463	1.22296	0.136133	-1.10625	1.23091	0.0583518	-1.03463	1
136	-1.03463	1.22296	-1.03463	1.22296	0.136133	-1.10625	0.098142	1.22296	-1.03463	1
137	-1.03463	1.22296	-1.03463	0.0583518	-0.96908	1.22296	-1.03463	1.22296	0.098142	1
138	-1.03463	1.22296	-1.03463	0.0583518	-0.96908	1.22296	-1.03463	0.0583518	1.23091	1
139	-1.03463	1.22296	-1.03463	0.0583518	-0.96908	1.22296	1.23091	0.0583518	-1.03463	1
140	-1.03463	1.22296	-1.03463	0.0583518	-0.96908	1.22296	0.098142	1.22296	-1.03463	1
141	-1.03463	1.22296	-1.03463	0.0583518	-0.96908	0.0583518	-1.03463	1.22296	1.23091	1
142	-1.03463	1.22296	-1.03463	0.0583518	-0.96908	0.0583518	1.23091	1.22296	-1.03463	1
143	-1.03463	1.22296	-1.03463	0.0583518	1.24135	-1.10625	1.23091	0.0583518	-1.03463	1
144	-1.03463	1.22296	-1.03463	0.0583518	0.136133	-1.10625	1.23091	1.22296	-1.03463	1
145	-1.03463	1.22296	1.23091	-1.10625	-0.96908	-1.10625	-1.03463	1.22296	1.23091	1
146	-1.03463	1.22296	1.23091	-1.10625	-0.96908	-1.10625	1.23091	-1.10625	1.23091	1
147	-1.03463	1.22296	1.23091	-1.10625	-0.96908	-1.10625	1.23091	1.22296	-1.03463	1
148	-1.03463	1.22296	1.23091	-1.10625	-0.96908	-1.10625	1.23091	0.0583518	0.098142	1
149	-1.03463	1.22296	1.23091	-1.10625	-0.96908	-1.10625	0.098142	1.22296	0.098142	1
150	-1.03463	1.22296	1.23091	-1.10625	-0.96908	-1.10625	0.098142	0.0583518	1.23091	1
151	-1.03463	1.22296	1.23091	-1.10625	-0.96908	1.22296	-1.03463	1.22296	-1.03463	1
152	-1.03463	1.22296	1.23091	-1.10625	-0.96908	1.22296	-1.03463	0.0583518	0.098142	1
153	-1.03463	1.22296	1.23091	-1.10625	-0.96908	1.22296	1.23091	-1.10625	-1.03463	1
154	-1.03463	1.22296	1.23091	-1.10625	-0.96908	1.22296	0.098142	0.0583518	-1.03463	1
155	-1.03463	1.22296	1.23091	-1.10625	-0.96908	0.0583518	-1.03463	1.22296	0.098142	1
156	-1.03463	1.22296	1.23091	-1.10625	-0.96908	0.0583518	-1.03463	0.0583518	1.23091	1
157	-1.03463	1.22296	1.23091	-1.10625	-0.96908	0.0583518	1.23091	0.0583518	-1.03463	1
158	-1.03463	1.22296	1.23091	-1.10625	-0.96908	0.0583518	0.098142	1.22296	-1.03463	1
159	-1.03463	1.22296	1.23091	-1.10625	1.24135	-1.10625	-1.03463	-1.10625	1.23091	1
160	-1.03463	1.22296	1.23091	-1.10625	1.24135	-1.10625	-1.03463	0.0583518	0.098142	1
161	-1.03463	1.22296	1.23091	-1.10625	1.24135	1.22296	-1.03463	-1.10625	-1.03463	1
162	-1.03463	1.22296	1.23091	-1.10625	1.24135	0.0583518	-1.03463	-1.10625	0.098142	1
163	-1.03463	1.22296	1.23091	-1.10625	1.24135	0.0583518	-1.03463	0.0583518	-1.03463	1
164	-1.03463	1.22296	1.23091	-1.10625	0.136133	-1.10625	-1.03463	1.22296	0.098142	1
165	-1.03463	1.22296	1.23091	-1.10625	0.136133	-1.10625	-1.03463	0.0583518	1.23091	1
166	-1.03463	1.22296	1.23091	-1.10625	0.136133	1.22296	-1.03463	-1.10625	0.098142	1
167	-1.03463	1.22296	1.23091	-1.10625	0.136133	1.22296	-1.03463	0.0583518	-1.03463	1
168	-1.03463	1.22296	1.23091	-1.10625	0.136133	0.0583518	-1.03463	-1.10625	1.23091	1
169	-1.03463	1.22296	1.23091	-1.10625	0.136133	0.0583518	-1.03463	1.22296	-1.03463	1
170	-1.03463	1.22296	1.23091	-1.10625	0.136133	0.0583518	-1.03463	0.0583518	0.098142	1
171	-1.03463	1.22296	1.23091	1.22296	-0.96908	-1.10625	-1.03463	1.22296	-1.03463	1
172	-1.03463	1.22296	1.23091	1.22296	-0.96908	-1.10625	1.23091	-1.10625	-1.03463	1
173	-1.03463	1.22296	1.23091	1.22296	-0.96908	-1.10625	0.098142	0.0583518	-1.03463	1
174	-1.03463	1.22296	1.23091	1.22296	-0.96908	1.22296	-1.03463	-1.10625	-1.03463	1
175	-1.03463	1.22296	1.23091	1.22296	-0.96908	0.0583518	-1.03463	0.0583518	-1.03463	1
176	-1.03463	1.22296	1.23091	1.22296	-0.96908	0.0583518	0.098142	-1.10625	-1.03463	1
177	-1.03463	1.22296	1.23091	1.22296	1.24135	-1.10625	-1.03463	-1.10625	-1.03463	1
178	-1.03463	1.22296	1.23091	1.22296	0.136133	0.0583518	-1.03463	-1.10625	-1.03463	1
179	-1.03463	1.22296	1.23091	0.0583518	-0.96908	-1.10625	1.23091	0.0583518	-1.03463	1
180	-1.03463	1.22296	1.23091	0.0583518	-0.96908	-1.10625	0.098142	1.22296	-1.03463	1
181	-1.03463	1.22296	1.23091	0.0583518	-0.96908	1.22296	-1.03463	0.0583518	-1.03463	1
182	-1.03463	1.22296	1.23091	0.0583518	-0.96908	1.22296	0.098142	-1.10625	-1.03463	1
183	-1.03463	1.22296	1.23091	0.0583518	-0.96908	0.0583518	-1.03463	1.22296	-1.03463	1
184	-1.03463	1.22296	1.23091	0.0583518	-0.96908	0.0583518	1.23091	-1.10625	-1.03463	1
185	-1.03463	1.22296	1.23091	0.0583518	-0.96908	0.0583518	0.098142	0.0583518	-1.03463	1
186	-1.03463	1.22296	1.23091	0.0583518	1.24135	0.0583518	-1.03463	-1.10625	-1.03463	1
187	-1.03463	1.22296	1.23091	0.0583518	0.136133	1.22296	-1.03463	-1.10625	-1.03463	1
188	-1.03463	1.22296	0.098142	-1.10625	-0.96908	-1.10625	1.23091	1.22296	0.098142	1
189	-1.03463	1.22296	0.098142	-1.10625	-0.96908	-1.10625	1.23091	0.0583518	1.23091	1
190	-1.03463	1.22296	0.098142	-1.10625	-0.96908	-1.10625	0.098142	1.22296	1.23091	1
191	-1.03463	1.22296	0.098142	-1.10625	-0.96908	1.22296	-1.03463	1.22296	0.098142	1
192	-1.03463	1.22296	0.098142	-1.10625	-0.96908	1.22296	-1.03463	0.0583518	1.23091	1
193	-1.03463	1.22296	0.098142	-1.10625	-0.96908	1.22296	1.23091	0.0583518	-1.03463	1
194	-1.03463	1.22296	0.098142	-1.10625	-0.96908	1.22296	0.098142	1.22296	-1.03463	1
195	-1.03463	1.22296	0.098142	-1.10625	-0.96908	0.0583518	-1.03463	1.22296	1.23091	1
196	-1.03463	1.22296	0.098142	-1.10625	-0.96908	0.0583518	1.23091	1.22296	-1.03463	1
197	-1.03463	1.22296	0.098142	-1.10625	1.24135	-1.10625	-1.03463	0.0583518	1.23091	1
198	-1.03463	1.22296	0.098142	-1.10625	1.24135	1.22296	-1.03463	-1.10625	0.098142	1
199	-1.03463	1.22296	0.098142	-1.10625	1.24135	1.22296	-1.03463	0.0583518	-1.03463	1
200	-1.03463	1.22296	0.098142	-1.10625	1.24135	0.0583518	-1.03463	-1.10625	1.23091	1
201	-1.03463	1.22296	0.098142	-1.10625	1.24135	0.0583518	-1.03463	0.0583518	0.098142	1
202	-1.03463	1.22296	0.098142	-1.10625	0.136133	-1.10625	-1.03463	1.22296	1.23091	1
203	-1.03463	1.22296	0.098142	-1.10625	0.136133	1.22296	-1.03463	-1.10625	1.23091	1
204	-1.03463	1.22296	0.098142	-1.10625	0.136133	1.22296	-1.03463	1.22296	-1.03463	1
205	-1.03463	1.22296	0.098142	-1.10625	0.136133	1.22296	-1.03463	0.0583518	0.098142	1
206	-1.03463	1.22296	0.098142	-1.10625	0.136133	0.0583518	-1.03463	1.22296	0.098142	1
207	-1.03463	1.22296	0.098142	-1.10625	0.136133	0.0583518	-1.03463	0.0583518	1.23091	1
208	-1.03463	1.22296	0.098142	1.22296	-0.96908	-1.10625	1.23091	0.0583518	-1.03463	1
209	-1.03463	1.22296	0.098142	1.22296	-0.96908	-1.10625	0.098142	1.22296	-1.03463	1
210	-1.03463	1.22296	0.098142	1.22296	-0.96908	1.22296	-1.03463	0.0583518	-1.03463	1
211	-1.03463	1.22296	0.098142	1.22296	-0.96908	1.22296	0.098142	-1.10625	-1.03463	1
212	-1.03463	1.22296	0.098142	1.22296	-0.96908	0.0583518	-1.03463	1.22296	-1.03463	1
213	-1.03463	1.22296	0.098142	1.22296	-0.96908	0.0583518	1.23091	-1.10625	-1.03463	1
214	-1.03463	1.22296	0.098142	1.22296	-0.96908	0.0583518	0.098142	0.0583518	-1.03463	1
215	-1.03463	1.22296	0.098142	1.22296	1.24135	0.0583518	-1.03463	-1.10625	-1.03463	1
216	-1.03463	1.22296	0.098142	1.22296	0.136133	1.22296	-1.03463	-1.10625	-1.03463	1
217	-1.03463	1.22296	0.098142	0.0583518	-0.96908	-1.10625	1.23091	1.22296	-1.03463	1
218	-1.03463	1.22296	0.098142	0.0583518	-0.96908	1.22296	-1.03463	1.22296	-1.03463	1
219	-1.03463	1.22296	0.098142	0.0583518	-0.96908	1.22296	1.23091	-1.10625	-1.03463	1
220	-1.03463	1.22296	0.098142	0.0583518	-0.96908	1.22296	0.098142	0.0583518	-1.03463	1
221	-1.03463	1.22296	0.098142	0.0583518	-0.96908	0.0583518	1.23091	0.0583518	-1.03463	1
222	-1.03463	1.22296	0.098142	0.0583518	-0.96908	0.0583518	0.098142	1.22296	-1.03463	1
223	-1.03463	1.22296	0.098142	0.0583518	1.24135	1.22296	-1.03463	-1.10625	-1.03463	1
224	-1.03463	0.0583518	-1.03463	-1.10625	1.24135	1.22296	-1.03463	1.22296	0.098142	1
225	-1.03463	0.0583518	-1.03463	-1.10625	1.24135	1.22296	-1.03463	0.0583518	1.23091	1
226	-1.03463	0.0583518	-1.03463	-1.10625	1.24135	0.0583518	-1.03463	1.22296	1.23091	1
227	-1.03463	0.0583518	-1.03463	-1.10625	0.136133	1.22296	-1.03463	1.22296	1.23091	1
228	-1.03463	0.0583518	-1.03463	1.22296	-0.96908	1.22296	-1.03463	1.22296	0.098142	1
229	-1.03463	0.0583518	-1.03463	1.22296	-0.96908	1.22296	-1.03463	0.0583518	1.23091	1
230	-1.03463	0.0583518	-1.03463	1.22296	-0.96908	1.22296	1.23091	0.0583518	-1.03463	1
231	-1.03463	0.0583518	-1.03463	1.22296	-0.96908	1.22296	0.098142	1.22296	-1.03463	1
232	-1.03463	0.0583518	-1.03463	1.22296	-0.96908	0.0583518	-1.03463	1.22296	1.23091	1
233	-1.03463	0.0583518	-1.03463	1.22296	-0.96908	0.0583518	1.23091	1.22296	-1.03463	1
234	-1.03463	0.0583518	-1.03463	1.22296	1.24135	-1.10625	1.23091	0.0583518	-1.03463	1
235	-1.03463	0.0583518	-1.03463	1.22296	1.24135	-1.10625	0.098142	1.22296	-1.03463	1
236	-1.03463	0.0583518	-1.03463	1.22296	0.136133	-1.10625	1.23091	1.22296	-1.03463	1
237	-1.03463	0.0583518	-1.03463	0.0583518	-0.96908	1.22296	-1.03463	1.22296	1.23091	1
238	-1.03463	0.0583518	-1.03463	0.0583518	-0.96908	1.22296	1.23091	1.22296	-1.03463	1
239	-1.03463	0.0583518	-1.03463	0.0583518	1.24135	-1.10625	1.23091	1.22296	-1.03463	1
240	-1.03463	0.0583518	1.23091	-1.10625	-0.96908	-1.10625	1.23091	1.22296	0.098142	1
241	-1.03463	0.0583518	1.23091	-1.10625	-0.96908	-1.10625	1.23091	0.0583518	1.23091	1
242	-1.03463	0.0583518	1.23091	-1.10625	-0.96908	-1.10625	0.098142	1.22296	1.23091	1
243	-1.03463	0.0583518	1.23091	-1.10625	-0.96908	1.22296	-1.03463	1.22296	0.098142	1
244	-1.03463	0.0583518	1.23091	-1.10625	-0.96908	1.22296	1.23091	0.0583518	-1.03463	1
245	-1.03463	0.0583518	1.23091	-1.10625	-0.96908	1.22296	0.098142	1.22296	-1.03463	1
246	-1.03463	0.0583518	1.23091	-1.10625	-0.96908	0.0583518	-1.03463	1.22296	1.23091	1
247	-1.03463	0.0583518	1.23091	-1.10625	-0.96908	0.0583518	1.23091	1.22296	-1.03463	1
248	-1.03463	0.0583518	1.23091	-1.10625	1.24135	-1.10625	-1.03463	1.22296	0.098142	1
249	-1.03463	0.0583518	1.23091	-1.10625	1.24135	-1.10625	-1.03463	0.0583518	1.23091	1
250	-1.03463	0.0583518	1.23091	-1.10625	1.24135	1.22296	-1.03463	-1.10625	0.098142	1
251	-1.03463	0.0583518	1.23091	-1.10625	1.24135	1.22296	-1.03463	0.0583518	-1.03463	1
252	-1.03463	0.0583518	1.23091	-1.10625	1.24135	0.0583518	-1.03463	-1.10625	1.23091	1
253	-1.03463	0.0583518	1.23091	-1.10625	1.24135	0.0583518	-1.03463	1.22296	-1.03463	1
254	-1.03463	0.0583518	1.23091	-1.10625	1.24135	0.0583518	-1.03463	0.0583518	0.098142	1
255	-1.03463	0.0583518	1.23091	-1.10625	0.136133	-1.10625	-1.03463	1.22296	1.23091	1
256	-1.03463	0.0583518	1.23091	-1.10625	0.136133	1.22296	-1.03463	1.22296	-1.03463	1
257	-1.03463	0.0583518	1.23091	-1.10625	0.136133	1.22296	-1.03463	0.0583518	0.098142	1
258	-1.03463	0.0583518	1.23091	-1.10625	0.136133	0.0583518	-1.03463	1.22296	0.098142	1
259	-1.03463	0.0583518	1.23091	-1.10625	0.136133	0.0583518	-1.03463	0.0583518	1.23091	1
260	-1.03463	0.0583518	1.23091	1.22296	-0.96908	-1.10625	1.23091	0.0583518	-1.03463	1
261	-1.03463	0.0583518	1.23091	1.22296	-0.96908	-1.10625	0.098142	1.22296	-1.03463	1
262	-1.03463	0.0583518	1.23091	1.22296	-0.96908	1.22296	-1.03463	0.0583518	-1.03463	1
263	-1.03463	0.0583518	1.23091	1.22296	-0.96908	1.22296	0.098142	-1.10625	-1.03463	1
264	-1.03463	0.0583518	1.23091	1.22296	-0.96908	0.0583518	-1.03463	1.22296	-1.03463	1
265	-1.03463	0.0583518	1.23091	1.22296	-0.96908	0.0583518	1.23091	-1.10625	-1.03463	1
266	-1.03463	0.0583518	1.23091	1.22296	-0.96908	0.0583518	0.098142	0.0583518	-1.03463	1
267	-1.03463	0.0583518	1.23091	1.22296	1.24135	0.0583518	-1.03463	-1.10625	-1.03463	1
268	-1.03463	0.0583518	1.23091	1.22296	0.136133	1.22296	-1.03463	-1.10625	-1.03463	1
269	-1.03463	0.0583518	1.23091	0.0583518	-0.96908	-1.10625	1.23091	1.22296	-1.03463	1
270	-1.03463	0.0583518	1.23091	0.0583518	-0.96908	1.22296	-1.03463	1.22296	-1.03463	1
271	-1.03463	0.0583518	1.23091	0.0583518	-0.96908	1.22296	1.23091	-1.10625	-1.03463	1
272	-1.03463	0.0583518	1.23091	0.0583518	-0.96908	1.22296	0.098142	0.0583518	-1.03463	1
273	-1.03463	0.0583518	1.23091	0.0583518	-0.96908	0.0583518	1.23091	0.0583518	-1.03463	1
274	-1.03463	0.0583518	1.23091	0.0583518	-0.96908	0.0583518	0.098142	1.22296	-1.03463	1
275	-1.03463	0.0583518	1.23091	0.0583518	1.24135	1.22296	-1.03463	-1.10625	-1.03463	1
276	-1.03463	0.0583518	0.098142	-1.10625	-0.96908	1.22296	-1.03463	1.22296	1.23091	1
277	-1.03463	0.0583518	0.098142	-1.10625	-0.96908	1.22296	1.23091	1.22296	-1.03463	1
278	-1.03463	0.0583518	0.098142	-1.10625	1.24135	-1.10625	-1.03463	1.22296	1.23091	1
279	-1.03463	0.0583518	0.098142	-1.10625	1.24135	1.22296	-1.03463	-1.10625	1.23091	1
280	-1.03463	0.0583518	0.098142	-1.10625	1.24135	1.22296	-1.03463	1.22296	-1.03463	1
281	-1.03463	0.0583518	0.098142	-1.10625	1.24135	1.22296	-1.03463	0.0583518	0.098142	1
282	-1.03463	0.0583518	0.098142	-1.10625	1.24135	0.0583518	-1.03463	1.22296	0.098142	1
283	-1.03463	0.0583518	0.098142	-1.10625	1.24135	0.0583518	-1.03463	0.0583518	1.23091	1
284	-1.03463	0.0583518	0.098142	-1.10625	0.136133	1.22296	-1.03463	1.22296	0.098142	1
285	-1.03463	0.0583518	0.098142	-1.10625	0.136133	1.22296	-1.03463	0.0583518	1.23091	1
286	-1.03463	0.0583518	0.098142	-1.10625	0.136133	0.0583518	-1.03463	1.22296	1.23091	1
287	-1.03463	0.0583518	0.098142	1.22296	-0.96908	-1.10625	1.23091	1.22296	-1.03463	1
288	-1.03463	0.0583518	0.098142	1.22296	-0.96908	1.22296	-1.03463	1.22296	-1.03463	1
289	-1.03463	0.0583518	0.098142	1.22296	-0.96908	1.22296	1.23091	-1.10625	-1.03463	1
290	-1.03463	0.0583518	0.098142	1.22296	-0.96908	1.22296	0.098142	0.0583518	-1.03463	1
291	-1.03463	0.0583518	0.098142	1.22296	-0.96908	0.0583518	1.23091	0.0583518	-1.03463	1
292	-1.03463	0.0583518	0.098142	1.22296	-0.96908	0.0583518	0.098142	1.22296	-1.03463	1
293	-1.03463	0.0583518	0.098142	0.0583518	-0.96908	1.22296	1.23091	0.0583518	-1.03463	1
294	-1.03463	0.0583518	0.098142	0.0583518	-0.96908	1.22296	0.098142	1.22296	-1.03463	1
295	-1.03463	0.0583518	0.098142	0.0583518	-0.96908	0.0583518	1.23091	1.22296	-1.03463	1
296	1.23091	-1.10625	-1.03463	-1.10625	-0.96908	1.22296	-1.03463	1.22296	1.23091	1
297	1.23091	-1.10625	-1.03463	-1.10625	-0.96908	1.22296	1.23091	-1.10625	1.23091	1
298	1.23091	-1.10625	-1.03463	-1.10625	1.24135	-1.10625	1.23091	1.22296	-1.03463	1
299	1.23091	-1.10625	-1.03463	1.22296	-0.96908	-1.10625	-1.03463	1.22296	1.23091	1
300	1.23091	-1.10625	-1.03463	1.22296	-0.96908	1.22296	-1.03463	-1.10625	1.23091	1
301	1.23091	-1.10625	-1.03463	1.22296	-0.96908	1.22296	-1.03463	1.22296	-1.03463	1
302	1.23091	-1.10625	-1.03463	1.22296	-0.96908	1.22296	-1.03463	0.0583518	0.098142	1
303	1.23091	-1.10625	-1.03463	1.22296	-0.96908	1.22296	0.098142	-1.10625	0.098142	1
304	1.23091	-1.10625	-1.03463	1.22296	-0.96908	0.0583518	-1.03463	1.22296	0.098142	1
305	1.23091	-1.10625	-1.03463	1.22296	-0.96908	0.0583518	-1.03463	0.0583518	1.23091	1
306	1.23091	-1.10625	-1.03463	1.22296	-0.96908	0.0583518	0.098142	-1.10625	1.23091	1
307	1.23091	-1.10625	-1.03463	1.22296	1.24135	-1.10625	-1.03463	1.22296	-1.03463	1
308	1.23091	-1.10625	-1.03463	1.22296	1.24135	-1.10625	0.098142	0.0583518	-1.03463	1
309	1.23091	-1.10625	-1.03463	1.22296	0.136133	-1.10625	0.098142	1.22296	-1.03463	1
310	1.23091	-1.10625	-1.03463	0.0583518	-0.96908	1.22296	-1.03463	1.22296	0.098142	1
311	1.23091	-1.10625	-1.03463	0.0583518	-0.96908	1.22296	-1.03463	0.0583518	1.23091	1
312	1.23091	-1.10625	-1.03463	0.0583518	-0.96908	1.22296	1.23091	-1.10625	0.098142	1
313	1.23091	-1.10625	-1.03463	0.0583518	-0.96908	1.22296	0.098142	-1.10625	1.23091	1
314	1.23091	-1.10625	-1.03463	0.0583518	-0.96908	0.0583518	-1.03463	1.22296	1.23091	1
315	1.23091	-1.10625	-1.03463	0.0583518	-0.96908	0.0583518	1.23091	-1.10625	1.23091	1
316	1.23091	-1.10625	-1.03463	0.0583518	1.24135	-1.10625	1.23091	0.0583518	-1.03463	1
317	1.23091	-1.10625	-1.03463	0.0583518	1.24135	-1.10625	0.098142	1.22296	-1.03463	1
318	1.23091	-1.10625	-1.03463	0.0583518	0.136133	-1.10625	1.23091	1.22296	-1.03463	1
319	1.23091	-1.10625	1.23091	-1.10625	-0.96908	-1.10625	-1.03463	1.22296	1.23091	1
320	1.23091	-1.10625	1.23091	-1.10625	-0.96908	-1.10625	1.23091	-1.10625	1.23091	1
321	1.23091	-1.10625	1.23091	-1.10625	-0.96908	-1.10625	1.23091	1.22296	-1.03463	1
322	1.23091	-1.10625	1.23091	-1.10625	-0.96908	-1.10625	1.23091	0.0583518	0.098142	1
323	1.23091	-1.10625	1.23091	-1.10625	-0.96908	-1.10625	0.098142	1.22296	0.098142	1
324	1.23091	-1.10625	1.23091	-1.10625	-0.96908	-1.10625	0.098142	0.0583518	1.23091	1
325	1.23091	-1.10625	1.23091	-1.10625	-0.96908	1.22296	1.23091	-1.10625	-1.03463	1
326	1.23091	-1.10625	1.23091	-1.10625	-0.96908	1.22296	0.098142	-1.10625	0.098142	1
327	1.23091	-1.10625	1.23091	-1.10625	-0.96908	0.0583518	1.23091	-1.10625	0.098142	1
328	1.23091	-1.10625	1.23091	-1.10625	-0.96908	0.0583518	0.098142	-1.10625	1.23091	1
329	1.23091	-1.10625	1.23091	-1.10625	1.24135	1.22296	-1.03463	-1.10625	-1.03463	1
330	1.23091	-1.10625	1.23091	1.22296	-0.96908	-1.10625	-1.03463	-1.10625	1.23091	1
331	1.23091	-1.10625	1.23091	1.22296	-0.96908	-1.10625	0.098142	-1.10625	0.098142	1
332	1.23091	-1.10625	1.23091	1.22296	-0.96908	1.22296	-1.03463	-1.10625	-1.03463	1
333	1.23091	-1.10625	1.23091	1.22296	-0.96908	0.0583518	-1.03463	-1.10625	0.098142	1
334	1.23091	-1.10625	1.23091	1.22296	-0.96908	0.0583518	0.098142	-1.10625	-1.03463	1
335	1.23091	-1.10625	1.23091	1.22296	1.24135	-1.10625	-1.03463	-1.10625	-1.03463	1
336	1.23091	-1.10625	1.23091	1.22296	0.136133	0.0583518	-1.03463	-1.10625	-1.03463	1
337	1.23091	-1.10625	1.23091	0.0583518	-0.96908	-1.10625	1.23091	-1.10625	0.098142	1
338	1.23091	-1.10625	1.23091	0.0583518	-0.96908	-1.10625	0.098142	-1.10625	1.23091	1
339	1.23091	-1.10625	1.23091	0.0583518	-0.96908	1.22296	-1.03463	-1.10625	0.098142	1
340	1.23091	-1.10625	1.23091	0.0583518	-0.96908	1.22296	0.098142	-1.10625	-1.03463	1
341	1.23091	-1.10625	1.23091	0.0583518	-0.96908	0.0583518	-1.03463	-1.10625	1.23091	1
342	1.23091	-1.10625	1.23091	0.0583518	-0.96908	0.0583518	1.23091	-1.10625	-1.03463	1
343	1.23091	-1.10625	1.23091	0.0583518	-0.96908	0.0583518	0.098142	-1.10625	0.098142	1
344	1.23091	-1.10625	1.23091	0.0583518	1.24135	0.0583518	-1.03463	-1.10625	-1.03463	1
345	1.23091	-1.10625	1.23091	0.0583518	0.136133	1.22296	-1.03463	-1.10625	-1.03463	1
346	1.23091	-1.10625	0.098142	-1.10625	-0.96908	-1.10625	1.23091	1.22296	0.098142	1
347	1.23091	-1.10625	0.098142	-1.10625	-0.96908	-1.10625	1.23091	0.0583518	1.23091	1
348	1.23091	-1.10625	0.098142	-1.10625	-0.96908	-1.10625	0.098142	1.22296	1.23091	1
349	1.23091	-1.10625	0.098142	-1.10625	-0.96908	1.22296	1.23091	-1.10625	0.098142	1
350	1.23091	-1.10625	0.098142	-1.10625	-0.96908	1.22296	0.098142	-1.10625	1.23091	1
351	1.23091	-1.10625	0.098142	-1.10625	-0.96908	0.0583518	1.23091	-1.10625	1.23091	1
352	1.23091	-1.10625	0.098142	1.22296	-0.96908	-1.10625	0.098142	-1.10625	1.23091	1
353	1.23091	-1.10625	0.098142	1.22296	-0.96908	1.22296	-1.03463	-1.10625	0.098142	1
354	1.23091	-1.10625	0.098142	1.22296	-0.96908	1.22296	0.098142	-1.10625	-1.03463	1
355	1.23091	-1.10625	0.098142	1.22296	-0.96908	0.0583518	-1.03463	-1.10625	1.23091	1
356	1.23091	-1.10625	0.098142	1.22296	-0.96908	0.0583518	0.098142	-1.10625	0.098142	1
357	1.23091	-1.10625	0.098142	1.22296	1.24135	0.0583518	-1.03463	-1.10625	-1.03463	1
358	1.23091	-1.10625	0.098142	1.22296	0.136133	1.22296	-1.03463	-1.10625	-1.03463	1
359	1.23091	-1.10625	0.098142	0.0583518	-0.96908	-1.10625	1.23091	-1.10625	1.23091	1
360	1.23091	-1.10625	0.098142	0.0583518	-0.96908	1.22296	-1.03463	-1.10625	1.23091	1
361	1.23091	-1.10625	0.098142	0.0583518	-0.96908	1.22296	1.23091	-1.10625	-1.03463	1
362	1.23091	-1.10625	0.098142	0.0583518	-0.96908	1.22296	0.098142	-1.10625	0.098142	1
363	1.23091	-1.10625	0.098142	0.0583518	-0.96908	0.0583518	1.23091	-1.10625	0.098142	1
364	1.23091	-1.10625	0.098142	0.0583518	-0.96908	0.0583518	0.098142	-1.10625	1.23091	1
365	1.23091	-1.10625	0.098142	0.0583518	1.24135	1.22296	-1.03463	-1.10625	-1.03463	1
366	1.23091	1.22296	-1.03463	-1.10625	-0.96908	-1.10625	-1.03463	1.22296	1.23091	1
367	1.23091	1.22296	-1.03463	-1.10625	-0.96908	-1.10625	1.23091	-1.10625	1.23091	1
368	1.23091	1.22296	-1.03463	-1.10625	-0.96908	-1.10625	1.23091	1.22296	-1.03463	1
369	1.23091	1.22296	-1.03463	-1.10625	-0.96908	-1.10625	1.23091	0.0583518	0.098142	1
370	1.23091	1.22296	-1.03463	-1.10625	-0.96908	-1.10625	0.098142	1.22296	0.098142	1
371	1.23091	1.22296	-1.03463	-1.10625	-0.96908	-1.10625	0.098142	0.0583518	1.23091	1
372	1.23091	1.22296	-1.03463	-1.10625	-0.96908	1.22296	-1.03463	-1.10625	1.23091	1
373	1.23091	1.22296	-1.03463	-1.10625	-0.96908	1.22296	-1.03463	1.22296	-1.03463	1
374	1.23091	1.22296	-1.03463	-1.10625	-0.96908	1.22296	-1.03463	0.0583518	0.098142	1
375	1.23091	1.22296	-1.03463	-1.10625	-0.96908	0.0583518	-1.03463	1.22296	0.098142	1
376	1.23091	1.22296	-1.03463	-1.10625	-0.96908	0.0583518	-1.03463	0.0583518	1.23091	1
377	1.23091	1.22296	-1.03463	-1.10625	1.24135	-1.10625	1.23091	-1.10625	-1.03463	1
378	1.23091	1.22296	-1.03463	-1.10625	1.24135	-1.10625	0.098142	0.0583518	-1.03463	1
379	1.23091	1.22296	-1.03463	-1.10625	1.24135	1.22296	-1.03463	-1.10625	-1.03463	1
380	1.23091	1.22296	-1.03463	-1.10625	0.136133	-1.10625	1.23091	0.0583518	-1.03463	1
381	1.23091	1.22296	-1.03463	-1.10625	0.136133	-1.10625	0.098142	1.22296	-1.03463	1
382	1.23091	1.22296	-1.03463	1.22296	-0.96908	-1.10625	-1.03463	-1.10625	1.23091	1
383	1.23091	1.22296	-1.03463	1.22296	-0.96908	-1.10625	-1.03463	1.22296	-1.03463	1
384	1.23091	1.22296	-1.03463	1.22296	-0.96908	-1.10625	-1.03463	0.0583518	0.098142	1
385	1.23091	1.22296	-1.03463	1.22296	-0.96908	-1.10625	0.098142	0.0583518	-1.03463	1
386	1.23091	1.22296	-1.03463	1.22296	-0.96908	1.22296	-1.03463	-1.10625	-1.03463	1
387	1.23091	1.22296	-1.03463	1.22296	-0.96908	0.0583518	-1.03463	-1.10625	0.098142	1
388	1.23091	1.22296	-1.03463	1.22296	-0.96908	0.0583518	-1.03463	0.0583518	-1.03463	1
389	1.23091	1.22296	-1.03463	1.22296	1.24135	-1.10625	-1.03463	-1.10625	-1.03463	1
390	1.23091	1.22296	-1.03463	1.22296	0.136133	-1.10625	-1.03463	0.0583518	-1.03463	1
391	1.23091	1.22296	-1.03463	1.22296	0.136133	-1.10625	0.098142	-1.10625	-1.03463	1
392	1.23091	1.22296	-1.03463	1.22296	0.136133	0.0583518	-1.03463	-1.10625	-1.03463	1
393	1.23091	1.22296	-1.03463	0.0583518	-0.96908	-1.10625	-1.03463	1.22296	0.098142	1
394	1.23091	1.22296	-1.03463	0.0583518	-0.96908	-1.10625	-1.03463	0.0583518	1.23091	1
395	1.23091	1.22296	-1.03463	0.0583518	-0.96908	-1.10625	1.23091	0.0583518	-1.03463	1
396	1.23091	1.22296	-1.03463	0.0583518	-0.96908	-1.10625	0.098142	1.22296	-1.03463	1
397	1.23091	1.22296	-1.03463	0.0583518	-0.96908	1.22296	-1.03463	-1.10625	0.098142	1
398	1.23091	1.22296	-1.03463	0.0583518	-0.96908	1.22296	-1.03463	0.0583518	-1.03463	1
399	1.23091	1.22296	-1.03463	0.0583518	-0.96908	0.0583518	-1.03463	-1.10625	1.23091	1
400	1.23091	1.22296	-1.03463	0.0583518	-0.96908	0.0583518	-1.03463	1.22296	-1.03463	1
401	1.23091	1.22296	-1.03463	0.0583518	-0.96908	0.0583518	-1.03463	0.0583518	0.098142	1
402	1.23091	1.22296	-1.03463	0.0583518	1.24135	-1.10625	-1.03463	0.0583518	-1.03463	1
403	1.23091	1.22296	-1.03463	0.0583518	1.24135	-1.10625	0.098142	-1.10625	-1.03463	1
404	1.23091	1.22296	-1.03463	0.0583518	1.24135	0.0583518	-1.03463	-1.10625	-1.03463	1
405	1.23091	1.22296	-1.03463	0.0583518	0.136133	-1.10625	-1.03463	1.22296	-1.03463	1
406	1.23091	1.22296	-1.03463	0.0583518	0.136133	-1.10625	1.23091	-1.10625	-1.03463	1
407	1.23091	1.22296	-1.03463	0.0583518	0.136133	-1.10625	0.098142	0.0583518	-1.03463	1
408	1.23091	1.22296	-1.03463	0.0583518	0.136133	1.22296	-1.03463	-1.10625	-1.03463	1
409	1.23091	1.22296	0.098142	-1.10625	-0.96908	-1.10625	-1.03463	1.22296	0.098142	1
410	1.23091	1.22296	0.098142	-1.10625	-0.96908	-1.10625	-1.03463	0.0583518	1.23091	1
411	1.23091	1.22296	0.098142	-1.10625	-0.96908	-1.10625	1.23091	-1.10625	0.098142	1
412	1.23091	1.22296	0.098142	-1.10625	-0.96908	-1.10625	1.23091	0.0583518	-1.03463	1
413	1.23091	1.22296	0.098142	-1.10625	-0.96908	-1.10625	0.098142	-1.10625	1.23091	1
414	1.23091	1.22296	0.098142	-1.10625	-0.96908	-1.10625	0.098142	1.22296	-1.03463	1
415	1.23091	1.22296	0.098142	-1.10625	-0.96908	-1.10625	0.098142	0.0583518	0.098142	1
416	1.23091	1.22296	0.098142	-1.10625	1.24135	0.0583518	-1.03463	-1.10625	-1.03463	1
417	1.23091	1.22296	0.098142	-1.10625	0.136133	1.22296	-1.03463	-1.10625	-1.03463	1
418	1.23091	1.22296	0.098142	1.22296	-0.96908	0.0583518	-1.03463	-1.10625	-1.03463	1
419	1.23091	1.22296	0.098142	1.22296	0.136133	-1.10625	-1.03463	-1.10625	-1.03463	1
420	1.23091	1.22296	0.098142	0.0583518	-0.96908	1.22296	-1.03463	-1.10625	-1.03463	1
421	1.23091	1.22296	0.098142	0.0583518	1.24135	-1.10625	-1.03463	-1.10625	-1.03463	1
422	1.23091	1.22296	0.098142	0.0583518	0.136133	0.0583518	-1.03463	-1.10625	-1.03463	1
423	1.23091	0.0583518	-1.03463	-1.10625	-0.96908	-1.10625	1.23091	1.22296	0.098142	1
424	1.23091	0.0583518	-1.03463	-1.10625	-0.96908	-1.10625	1.23091	0.0583518	1.23091	1
425	1.23091	0.0583518	-1.03463	-1.10625	-0.96908	-1.10625	0.098142	1.22296	1.23091	1
426	1.23091	0.0583518	-1.03463	-1.10625	-0.96908	1.22296	-1.03463	1.22296	0.098142	1
427	1.23091	0.0583518	-1.03463	-1.10625	-0.96908	1.22296	-1.03463	0.0583518	1.23091	1
428	1.23091	0.0583518	-1.03463	-1.10625	-0.96908	0.0583518	-1.03463	1.22296	1.23091	1
429	1.23091	0.0583518	-1.03463	-1.10625	1.24135	-1.10625	1.23091	0.0583518	-1.03463	1
430	1.23091	0.0583518	-1.03463	-1.10625	1.24135	-1.10625	0.098142	1.22296	-1.03463	1
431	1.23091	0.0583518	-1.03463	-1.10625	0.136133	-1.10625	1.23091	1.22296	-1.03463	1
432	1.23091	0.0583518	-1.03463	1.22296	-0.96908	-1.10625	-1.03463	1.22296	0.098142	1
433	1.23091	0.0583518	-1.03463	1.22296	-0.96908	-1.10625	-1.03463	0.0583518	1.23091	1
434	1.23091	0.0583518	-1.03463	1.22296	-0.96908	-1.10625	0.098142	1.22296	-1.03463	1
435	1.23091	0.0583518	-1.03463	1.22296	-0.96908	1.22296	-1.03463	-1.10625	0.098142	1
436	1.23091	0.0583518	-1.03463	1.22296	-0.96908	1.22296	-1.03463	0.0583518	-1.03463	1
437	1.23091	0.0583518	-1.03463	1.22296	-0.96908	0.0583518	-1.03463	-1.10625	1.23091	1
438	1.23091	0.0583518	-1.03463	1.22296	-0.96908	0.0583518	-1.03463	1.22296	-1.03463	1
439	1.23091	0.0583518	-1.03463	1.22296	-0.96908	0.0583518	-1.03463	0.0583518	0.098142	1
440	1.23091	0.0583518	-1.03463	1.22296	1.24135	-1.10625	-1.03463	0.0583518	-1.03463	1
441	1.23091	0.0583518	-1.03463	1.22296	1.24135	-1.10625	0.098142	-1.10625	-1.03463	1
442	1.23091	0.0583518	-1.03463	1.22296	1.24135	0.0583518	-1.03463	-1.10625	-1.03463	1
443	1.23091	0.0583518	-1.03463	1.22296	0.136133	-1.10625	-1.03463	1.22296	-1.03463	1
444	1.23091	0.0583518	-1.03463	1.22296	0.136133	-1.10625	0.098142	0.0583518	-1.03463	1
445	1.23091	0.0583518	-1.03463	1.22296	0.136133	1.22296	-1.03463	-1.10625	-1.03463	1
446	1.23091	0.0583518	-1.03463	0.0583518	-0.96908	-1.10625	-1.03463	1.22296	1.23091	1
447	1.23091	0.0583518	-1.03463	0.0583518	-0.96908	-1.10625	1.23091	1.22296	-1.03463	1
448	1.23091	0.0583518	-1.03463	0.0583518	-0.96908	1.22296	-1.03463	-1.10625	1.23091	1
449	1.23091	0.0583518	-1.03463	0.0583518	-0.96908	1.22296	-1.03463	1.22296	-1.03463	1
450	1.23091	0.0583518	-1.03463	0.0583518	-0.96908	1.22296	-1.03463	0.0583518	0.098142	1
451	1.23091	0.0583518	-1.03463	0.0583518	-0.96908	0.0583518	-1.03463	1.22296	0.098142	1
452	1.23091	0.0583518	-1.03463	0.0583518	-0.96908	0.0583518	-1.03463	0.0583518	1.23091	1
453	1.23091	0.0583518	-1.03463	0.0583518	1.24135	-1.10625	-1.03463	1.22296	-1.03463	1
454	1.23091	0.0583518	-1.03463	0.0583518	1.24135	-1.10625	1.23091	-1.10625	-1.03463	1
455	1.23091	0.0583518	-1.03463	0.0583518	1.24135	-1.10625	0.098142	0.0583518	-1.03463	1
456	1.23091	0.0583518	-1.03463	0.0583518	1.24135	1.22296	-1.03463	-1.10625	-1.03463	1
457	1.23091	0.0583518	-1.03463	0.0583518	0.136133	-1.10625	1.23091	0.0583518	-1.03463	1
458	1.23091	0.0583518	-1.03463	0.0583518	0.136133	-1.10625	0.098142	1.22296	-1.03463	1
459	1.23091	0.0583518	1.23091	-1.10625	-0.96908	-1.10625	-1.03463	1.22296	0.098142	1
460	1.23091	0.0583518	1.23091	-1.10625	-0.96908	-1.10625	-1.03463	0.0583518	1.23091	1
461	1.23091	0.0583518	1.23091	-1.10625	-0.96908	-1.10625	1.23091	-1.10625	0.098142	1
462	1.23091	0.0583518	1.23091	-1.10625	-0.96908	-1.10625	1.23091	0.0583518	-1.03463	1
463	1.23091	0.0583518	1.23091	-1.10625	-0.96908	-1.10625	0.098142	-1.10625	1.23091	1
464	1.23091	0.0583518	1.23091	-1.10625	-0.96908	-1.10625	0.098142	1.22296	-1.03463	1
465	1.23091	0.0583518	1.23091	-1.10625	-0.96908	-1.10625	0.098142	0.0583518	0.098142	1
466	1.23091	0.0583518	1.23091	-1.10625	1.24135	0.0583518	-1.03463	-1.10625	-1.03463	1
467	1.23091	0.0583518	1.23091	-1.10625	0.136133	1.22296	-1.03463	-1.10625	-1.03463	1
468	1.23091	0.0583518	1.23091	1.22296	-0.96908	0.0583518	-1.03463	-1.10625	-1.03463	1
469	1.23091	0.0583518	1.23091	1.22296	0.136133	-1.10625	-1.03463	-1.10625	-1.03463	1
470	1.23091	0.0583518	1.23091	0.0583518	-0.96908	1.22296	-1.03463	-1.10625	-1.03463	1
471	1.23091	0.0583518	1.23091	0.0583518	1.24135	-1.10625	-1.03463	-1.10625	-1.03463	1
472	1.23091	0.0583518	1.23091	0.0583518	0.136133	0.0583518	-1.03463	-1.10625	-1.03463	1
473	1.23091	0.0583518	0.098142	-1.10625	-0.96908	-1.10625	-1.03463	1.22296	1.23091	1
474	1.23091	0.0583518	0.098142	-1.10625	-0.96908	-1.10625	1.23091	-1.10625	1.23091	1
475	1.23091	0.0583518	0.098142	-1.10625	-0.96908	-1.10625	1.23091	1.22296	-1.03463	1
476	1.23091	0.0583518	0.098142	-1.10625	-0.96908	-1.10625	1.23091	0.0583518	0.098142	1
477	1.23091	0.0583518	0.098142	-1.10625	-0.96908	-1.10625	0.098142	1.22296	0.098142	1
478	1.23091	0.0583518	0.098142	-1.10625	-0.96908	-1.10625	0.098142	0.0583518	1.23091	1
479	1.23091	0.0583518	0.098142	-1.10625	1.24135	1.22296	-1.03463	-1.10625	-1.03463	1
480	1.23091	0.0583518	0.098142	1.22296	-0.96908	1.22296	-1.03463	-1.10625	-1.03463	1
481	1.23091	0.0583518	0.098142	1.22296	1.24135	-1.10625	-1.03463	-1.10625	-1.03463	1
482	1.23091	0.0583518	0.098142	1.22296	0.136133	0.0583518	-1.03463	-1.10625	-1.03463	1
483	1.23091	0.0583518	0.098142	0.0583518	1.24135	0.0583518	-1.03463	-1.10625	-1.03463	1
484	1.23091	0.0583518	0.098142	0.0583518	0.136133	1.22296	-1.03463	-1.10625	-1.03463	1
485	0.098142	-1.10625	-1.03463	1.22296	-0.96908	1.22296	-1.03463	1.22296	0.098142	1
486	0.098142	-1.10625	-1.03463	1.22296	-0.96908	1.22296	-1.03463	0.0583518	1.23091	1
487	0.098142	-1.10625	-1.03463	1.22296	-0.96908	1.22296	1.23091	-1.10625	0.098142	1
488	0.098142	-1.10625	-1.03463	1.22296	-0.96908	1.22296	0.098142	-1.10625	1.23091	1
489	0.098142	-1.10625	-1.03463	1.22296	-0.96908	0.0583518	-1.03463	1.22296	1.23091	1
490	0.098142	-1.10625	-1.03463	1.22296	-0.96908	0.0583518	1.23091	-1.10625	1.23091	1
491	0.098142	-1.10625	-1.03463	1.22296	1.24135	-1.10625	1.23091	0.0583518	-1.03463	1
492	0.098142	-1.10625	-1.03463	1.22296	1.24135	-1.10625	0.098142	1.22296	-1.03463	1
493	0.098142	-1.10625	-1.03463	1.22296	0.136133	-1.10625	1.23091	1.22296	-1.03463	1
494	0.098142	-1.10625	-1.03463	0.0583518	-0.96908	1.22296	-1.03463	1.22296	1.23091	1
495	0.098142	-1.10625	-1.03463	0.0583518	-0.96908	1.22296	1.23091	-1.10625	1.23091	1
496	0.098142	-1.10625	-1.03463	0.0583518	1.24135	-1.10625	1.23091	1.22296	-1.03463	1
497	0.098142	-1.10625	1.23091	-1.10625	-0.96908	-1.10625	1.23091	1.22296	0.098142	1
498	0.098142	-1.10625	1.23091	-1.10625	-0.96908	-1.10625	1.23091	0.0583518	1.23091	1
499	0.098142	-1.10625	1.23091	-1.10625	-0.96908	-1.10625	0.098142	1.22296	1.23091	1
500	0.098142	-1.10625	1.23091	-1.10625	-0.96908	1.22296	1.23091	-1.10625	0.098142	1
501	0.098142	-1.10625	1.23091	-1.10625	-0.96908	0.0583518	1.23091	-1.10625	1.23091	1
502	0.098142	-1.10625	1.23091	1.22296	-0.96908	-1.10625	1.23091	-1.10625	0.098142	1
503	0.098142	-1.10625	1.23091	1.22296	-0.96908	-1.10625	0.098142	-1.10625	1.23091	1
504	0.098142	-1.10625	1.23091	1.22296	-0.96908	1.22296	-1.03463	-1.10625	0.098142	1
505	0.098142	-1.10625	1.23091	1.22296	-0.96908	1.22296	0.098142	-1.10625	-1.03463	1
506	0.098142	-1.10625	1.23091	1.22296	-0.96908	0.0583518	-1.03463	-1.10625	1.23091	1
507	0.098142	-1.10625	1.23091	1.22296	-0.96908	0.0583518	1.23091	-1.10625	-1.03463	1
508	0.098142	-1.10625	1.23091	1.22296	-0.96908	0.0583518	0.098142	-1.10625	0.098142	1
509	0.098142	-1.10625	1.23091	1.22296	1.24135	0.0583518	-1.03463	-1.10625	-1.03463	1
510	0.098142	-1.10625	1.23091	1.22296	0.136133	1.22296	-1.03463	-1.10625	-1.03463	1
511	0.098142	-1.10625	1.23091	0.0583518	-0.96908	-1.10625	1.23091	-1.10625	1.23091	1
512	0.098142	-1.10625	1.23091	0.0583518	-0.96908	1.22296	1.23091	-1.10625	-1.03463	1
513	0.098142	-1.10625	1.23091	0.0583518	-0.96908	1.22296	0.098142	-1.10625	0.098142	1
514	0.098142	-1.10625	1.23091	0.0583518	-0.96908	0.0583518	1.23091	-1.10625	0.098142	1
515	0.098142	-1.10625	1.23091	0.0583518	-0.96908	0.0583518	0.098142	-1.10625	1.23091	1
516	0.098142	-1.10625	1.23091	0.0583518	1.24135	1.22296	-1.03463	-1.10625	-1.03463	1
517	0.098142	-1.10625	0.098142	-1.10625	-0.96908	1.22296	1.23091	-1.10625	1.23091	1
518	0.098142	-1.10625	0.098142	1.22296	-0.96908	-1.10625	1.23091	-1.10625	1.23091	1
519	0.098142	-1.10625	0.098142	1.22296	-0.96908	1.22296	-1.03463	-1.10625	1.23091	1
520	0.098142	-1.10625	0.098142	1.22296	-0.96908	1.22296	1.23091	-1.10625	-1.03463	1
521	0.098142	-1.10625	0.098142	1.22296	-0.96908	1.22296	0.098142	-1.10625	0.098142	1
522	0.098142	-1.10625	0.098142	1.22296	-0.96908	0.0583518	1.23091	-1.10625	0.098142	1
523	0.098142	-1.10625	0.098142	1.22296	-0.96908	0.0583518	0.098142	-1.10625	1.23091	1
524	0.098142	-1.10625	0.098142	0.0583518	-0.96908	1.22296	1.23091	-1.10625	0.098142	1
525	0.098142	-1.10625	0.098142	0.0583518	-0.96908	1.22296	0.098142	-1.10625	1.23091	1
526	0.098142	-1.10625	0.098142	0.0583518	-0.96908	0.0583518	1.23091	-1.10625	1.23091	1
527	0.098142	1.22296	-1.03463	-1.10625	-0.96908	-1.10625	1.23091	1.22296	0.098142	1
528	0.098142	1.22296	-1.03463	-1.10625	-0.96908	-1.10625	1.23091	0.0583518	1.23091	1
529	0.098142	1.22296	-1.03463	-1.10625	-0.96908	-1.10625	0.098142	1.22296	1.23091	1
530	0.098142	1.22296	-1.03463	-1.10625	-0.96908	1.22296	-1.03463	1.22296	0.098142	1
531	0.098142	1.22296	-1.03463	-1.10625	-0.96908	1.22296	-1.03463	0.0583518	1.23091	1
532	0.098142	1.22296	-1.03463	-1.10625	-0.96908	0.0583518	-1.03463	1.22296	1.23091	1
533	0.098142	1.22296	-1.03463	-1.10625	1.24135	-1.10625	1.23091	0.0583518	-1.03463	1
534	0.098142	1.22296	-1.03463	-1.10625	0.136133	-1.10625	1.23091	1.22296	-1.03463	1
535	0.098142	1.22296	-1.03463	1.22296	-0.96908	-1.10625	-1.03463	1.22296	0.098142	1
536	0.098142	1.22296	-1.03463	1.22296	-0.96908	-1.10625	-1.03463	0.0583518	1.23091	1
537	0.098142	1.22296	-1.03463	1.22296	-0.96908	-1.10625	1.23091	0.0583518	-1.03463	1
538	0.098142	1.22296	-1.03463	1.22296	-0.96908	-1.10625	0.098142	1.22296	-1.03463	1
539	0.098142	1.22296	-1.03463	1.22296	-0.96908	1.22296	-1.03463	-1.10625	0.098142	1
540	0.098142	1.22296	-1.03463	1.22296	-0.96908	1.22296	-1.03463	0.0583518	-1.03463	1
541	0.098142	1.22296	-1.03463	1.22296	-0.96908	0.0583518	-1.03463	-1.10625	1.23091	1
542	0.098142	1.22296	-1.03463	1.22296	-0.96908	0.0583518	-1.03463	1.22296	-1.03463	1
543	0.098142	1.22296	-1.03463	1.22296	-0.96908	0.0583518	-1.03463	0.0583518	0.098142	1
544	0.098142	1.22296	-1.03463	1.22296	1.24135	-1.10625	-1.03463	0.0583518	-1.03463	1
545	0.098142	1.22296	-1.03463	1.22296	1.24135	-1.10625	0.098142	-1.10625	-1.03463	1
546	0.098142	1.22296	-1.03463	1.22296	1.24135	0.0583518	-1.03463	-1.10625	-1.03463	1
547	0.098142	1.22296	-1.03463	1.22296	0.136133	-1.10625	-1.03463	1.22296	-1.03463	1
548	0.098142	1.22296	-1.03463	1.22296	0.136133	-1.10625	1.23091	-1.10625	-1.03463	1
549	0.098142	1.22296	-1.03463	1.22296	0.136133	-1.10625	0.098142	0.0583518	-1.03463	1
550	0.098142	1.22296	-1.03463	1.22296	0.136133	1.22296	-1.03463	-1.10625	-1.03463	1
551	0.098142	1.22296	-1.03463	0.0583518	-0.96908	-1.10625	-1.03463	1.22296	1.23091	1
552	0.098142	1.22296	-1.03463	0.0583518	-0.96908	-1.10625	1.23091	1.22296	-1.03463	1
553	0.098142	1.22296	-1.03463	0.0583518	-0.96908	1.22296	-1.03463	-1.10625	1.23091	1
554	0.098142	1.22296	-1.03463	0.0583518	-0.96908	1.22296	-1.03463	1.22296	-1.03463	1
555	0.098142	1.22296	-1.03463	0.0583518	-0.96908	1.22296	-1.03463	0.0583518	0.098142	1
556	0.098142	1.22296	-1.03463	0.0583518	-0.96908	0.0583518	-1.03463	1.22296	0.098142	1
557	0.098142	1.22296	-1.03463	0.0583518	-0.96908	0.0583518	-1.03463	0.0583518	1.23091	1
558	0.098142	1.22296	-1.03463	0.0583518	1.24135	-1.10625	1.23091	-1.10625	-1.03463	1
559	0.098142	1.22296	-1.03463	0.0583518	1.24135	-1.10625	0.098142	0.0583518	-1.03463	1
560	0.098142	1.22296	-1.03463	0.0583518	1.24135	1.22296	-1.03463	-1.10625	-1.03463	1
561	0.098142	1.22296	-1.03463	0.0583518	0.136133	-1.10625	1.23091	0.0583518	-1.03463	1
562	0.098142	1.22296	-1.03463	0.0583518	0.136133	-1.10625	0.098142	1.22296	-1.03463	1
563	0.098142	1.22296	1.23091	-1.10625	-0.96908	-1.10625	-1.03463	1.22296	0.098142	1
564	0.098142	1.22296	1.23091	-1.10625	-0.96908	-1.10625	-1.03463	0.0583518	1.23091	1
565	0.098142	1.22296	1.23091	-1.10625	-0.96908	-1.10625	1.23091	-1.10625	0.098142	1
566	0.098142	1.22296	1.23091	-1.10625	-0.96908	-1.10625	1.23091	0.0583518	-1.03463	1
567	0.098142	1.22296	1.23091	-1.10625	-0.96908	-1.10625	0.098142	-1.10625	1.23091	1
568	0.098142	1.22296	1.23091	-1.10625	-0.96908	-1.10625	0.098142	1.22296	-1.03463	1
569	0.098142	1.22296	1.23091	-1.10625	-0.96908	-1.10625	0.098142	0.0583518	0.098142	1
570	0.098142	1.22296	1.23091	-1.10625	1.24135	0.0583518	-1.03463	-1.10625	-1.03463	1
571	0.098142	1.22296	1.23091	-1.10625	0.136133	1.22296	-1.03463	-1.10625	-1.03463	1
572	0.098142	1.22296	1.23091	1.22296	-0.96908	0.0583518	-1.03463	-1.10625	-1.03463	1
573	0.098142	1.22296	1.23091	1.22296	0.136133	-1.10625	-1.03463	-1.10625	-1.03463	1
574	0.098142	1.22296	1.23091	0.0583518	-0.96908	1.22296	-1.03463	-1.10625	-1.03463	1
575	0.098142	1.22296	1.23091	0.0583518	1.24135	-1.10625	-1.03463	-1.10625	-1.03463	1
576	0.098142	1.22296	1.23091	0.0583518	0.136133	0.0583518	-1.03463	-1.10625	-1.03463	1
577	0.098142	1.22296	0.098142	-1.10625	-0.96908	-1.10625	-1.03463	1.22296	1.23091	1
578	0.098142	1.22296	0.098142	-1.10625	-0.96908	-1.10625	1.23091	-1.10625	1.23091	1
579	0.098142	1.22296	0.098142	-1.10625	-0.96908	-1.10625	1.23091	1.22296	-1.03463	1
580	0.098142	1.22296	0.098142	-1.10625	-0.96908	-1.10625	1.23091	0.0583518	0.098142	1
581	0.098142	1.22296	0.098142	-1.10625	-0.96908	-1.10625	0.098142	1.22296	0.098142	1
582	0.098142	1.22296	0.098142	-1.10625	-0.96908	-1.10625	0.098142	0.0583518	1.23091	1
583	0.098142	1.22296	0.098142	-1.10625	1.24135	1.22296	-1.03463	-1.10625	-1.03463	1
584	0.098142	1.22296	0.098142	1.22296	-0.96908	1.22296	-1.03463	-1.10625	-1.03463	1
585	0.098142	1.22296	0.098142	1.22296	1.24135	-1.10625	-1.03463	-1.10625	-1.03463	1
586	0.098142	1.22296	0.098142	1.22296	0.136133	0.0583518	-1.03463	-1.10625	-1.03463	1
587	0.098142	1.22296	0.098142	0.0583518	1.24135	0.0583518	-1.03463	-1.10625	-1.03463	1
588	0.098142	1.22296	0.098142	0.0583518	0.136133	1.22296	-1.03463	-1.10625	-1.03463	1
589	0.098142	0.0583518	-1.03463	-1.10625	-0.96908	1.22296	-1.03463	1.22296	1.23091	1
590	0.098142	0.0583518	-1.03463	-1.10625	1.24135	-1.10625	1.23091	1.22296	-1.03463	1
591	0.098142	0.0583518	-1.03463	1.22296	-0.96908	-1.10625	-1.03463	1.22296	1.23091	1
592	0.098142	0.0583518	-1.03463	1.22296	-0.96908	-1.10625	1.23091	1.22296	-1.03463	1
593	0.098142	0.0583518	-1.03463	1.22296	-0.96908	1.22296	-1.03463	-1.10625	1.23091	1
594	0.098142	0.0583518	-1.03463	1.22296	-0.96908	1.22296	-1.03463	1.22296	-1.03463	1
595	0.098142	0.0583518	-1.03463	1.22296	-0.96908	1.22296	-1.03463	0.0583518	0.098142	1
596	0.098142	0.0583518	-1.03463	1.22296	-0.96908	0.0583518	-1.03463	1.22296	0.098142	1
597	0.098142	0.0583518	-1.03463	1.22296	-0.96908	0.0583518	-1.03463	0.0583518	1.23091	1
598	0.098142	0.0583518	-1.03463	1.22296	1.24135	-1.10625	-1.03463	1.22296	-1.03463	1
599	0.098142	0.0583518	-1.03463	1.22296	1.24135	-1.10625	1.23091	-1.10625	-1.03463	1
600	0.098142	0.0583518	-1.03463	1.22296	1.24135	-1.10625	0.098142	0.0583518	-1.03463	1
601	0.098142	0.0583518	-1.03463	1.22296	0.136133	-1.10625	1.23091	0.0583518	-1.03463	1
602	0.098142	0.0583518	-1.03463	1.22296	0.136133	-1.10625	0.098142	1.22296	-1.03463	1
603	0.098142	0.0583518	-1.03463	0.0583518	-0.96908	1.22296	-1.03463	1.22296	0.098142	1
604	0.098142	0.0583518	-1.03463	0.0583518	-0.96908	1.22296	-1.03463	0.0583518	1.23091	1
605	0.098142	0.0583518	-1.03463	0.0583518	-0.96908	0.0583518	-1.03463	1.22296	1.23091	1
606	0.098142	0.0583518	-1.03463	0.0583518	1.24135	-1.10625	1.23091	0.0583518	-1.03463	1
607	0.098142	0.0583518	-1.03463	0.0583518	1.24135	-1.10625	0.098142	1.22296	-1.03463	1
608	0.098142	0.0583518	-1.03463	0.0583518	0.136133	-1.10625	1.23091	1.22296	-1.03463	1
609	0.098142	0.0583518	1.23091	-1.10625	-0.96908	-1.10625	-1.03463	1.22296	1.23091	1
610	0.098142	0.0583518	1.23091	-1.10625	-0.96908	-1.10625	1.23091	-1.10625	1.23091	1
611	0.098142	0.0583518	1.23091	-1.10625	-0.96908	-1.10625	1.23091	1.22296	-1.03463	1
612	0.098142	0.0583518	1.23091	-1.10625	-0.96908	-1.10625	1.23091	0.0583518	0.098142	1
613	0.098142	0.0583518	1.23091	-1.10625	-0.96908	-1.10625	0.098142	1.22296	0.098142	1
614	0.098142	0.0583518	1.23091	-1.10625	-0.96908	-1.10625	0.098142	0.0583518	1.23091	1
615	0.098142	0.0583518	1.23091	-1.10625	1.24135	1.22296	-1.03463	-1.10625	-1.03463	1
616	0.098142	0.0583518	1.23091	1.22296	-0.96908	1.22296	-1.03463	-1.10625	-1.03463	1
617	0.098142	0.0583518	1.23091	1.22296	1.24135	-1.10625	-1.03463	-1.10625	-1.03463	1
618	0.098142	0.0583518	1.23091	1.22296	0.136133	0.0583518	-1.03463	-1.10625	-1.03463	1
619	0.098142	0.0583518	1.23091	0.0583518	1.24135	0.0583518	-1.03463	-1.10625	-1.03463	1
620	0.098142	0.0583518	1.23091	0.0583518	0.136133	1.22296	-1.03463	-1.10625	-1.03463	1
621	0.098142	0.0583518	0.098142	-1.10625	-0.96908	-1.10625	1.23091	1.22296	0.098142	1
622	0.098142	0.0583518	0.098142	-1.10625	-0.96908	-1.10625	1.23091	0.0583518	1.23091	1
623	0.098142	0.0583518	0.098142	-1.10625	-0.96908	-1.10625	0.098142	1.22296	1.23091	1
624	0.098142	0.0583518	0.098142	1.22296	1.24135	0.0583518	-1.03463	-1.10625	-1.03463	1
625	0.098142	0.0583518	0.098142	1.22296	0.136133	1.22296	-1.03463	-1.10625	-1.03463	1
626	0.098142	0.0583518	0.098142	0.0583518	1.24135	1.22296	-1.03463	-1.10625	-1.03463	1
627	-1.03463	-1.10625	1.23091	-1.10625	-0.96908	1.22296	1.23091	0.0583518	1.23091	0
628	-1.03463	-1.10625	1.23091	-1.10625	-0.96908	1.22296	0.098142	1.22296	1.23091	0
629	-1.03463	-1.10625	1.23091	-1.10625	-0.96908	0.0583518	1.23091	1.22296	1.23091	0
630	-1.03463	-1.10625	1.23091	-1.10625	1.24135	-1.10625	1.23091	1.22296	0.098142	0
631	-1.03463	-1.10625	1.23091	-1.10625	1.24135	-1.10625	1.23091	0.0583518	1.23091	0
632	-1.03463	-1.10625	1.23091	-1.10625	1.24135	1.22296	1.23091	-1.10625	0.098142	0
633	-1.03463	-1.10625	1.23091	-1.10625	1.24135	1.22296	1.23091	0.0583518	-1.03463	0
634	-1.03463	-1.10625	1.23091	-1.10625	1.24135	1.22296	0.098142	-1.10625	1.23091	0
635	-1.03463	-1.10625	1.23091	-1.10625	1.24135	0.0583518	1.23091	-1.10625	1.23091	0
636	-1.03463	-1.10625	1.23091	-1.10625	1.24135	0.0583518	1.23091	1.22296	-1.03463	0
637	-1.03463	-1.10625	1.23091	-1.10625	1.24135	0.0583518	1.23091	0.0583518	0.098142	0
638	-1.03463	-1.10625	1.23091	-1.10625	0.136133	-1.10625	1.23091	1.22296	1.23091	0
639	-1.03463	-1.10625	1.23091	-1.10625	0.136133	1.22296	1.23091	-1.10625	1.23091	0
640	-1.03463	-1.10625	1.23091	-1.10625	0.136133	1.22296	0.098142	0.0583518	1.23091	0
641	-1.03463	-1.10625	1.23091	1.22296	-0.96908	1.22296	-1.03463	0.0583518	1.23091	0
642	-1.03463	-1.10625	1.23091	1.22296	1.24135	-1.10625	1.23091	-1.10625	0.098142	0
643	-1.03463	-1.10625	1.23091	1.22296	1.24135	-1.10625	1.23091	0.0583518	-1.03463	0
644	-1.03463	-1.10625	1.23091	1.22296	1.24135	1.22296	-1.03463	-1.10625	0.098142	0
645	-1.03463	-1.10625	1.23091	1.22296	1.24135	1.22296	-1.03463	0.0583518	-1.03463	0
646	-1.03463	-1.10625	1.23091	1.22296	1.24135	1.22296	0.098142	-1.10625	-1.03463	0
647	-1.03463	-1.10625	1.23091	1.22296	1.24135	0.0583518	1.23091	-1.10625	-1.03463	0
648	-1.03463	-1.10625	1.23091	1.22296	0.136133	1.22296	-1.03463	-1.10625	1.23091	0
649	-1.03463	-1.10625	1.23091	0.0583518	-0.96908	-1.10625	1.23091	1.22296	1.23091	0
650	-1.03463	-1.10625	1.23091	0.0583518	-0.96908	1.22296	-1.03463	1.22296	1.23091	0
651	-1.03463	-1.10625	1.23091	0.0583518	-0.96908	1.22296	0.098142	0.0583518	1.23091	0
652	-1.03463	-1.10625	1.23091	0.0583518	1.24135	-1.10625	1.23091	-1.10625	1.23091	0
653	-1.03463	-1.10625	1.23091	0.0583518	1.24135	-1.10625	1.23091	1.22296	-1.03463	0
654	-1.03463	-1.10625	1.23091	0.0583518	1.24135	-1.10625	1.23091	0.0583518	0.098142	0
655	-1.03463	-1.10625	1.23091	0.0583518	1.24135	1.22296	-1.03463	-1.10625	1.23091	0
656	-1.03463	-1.10625	1.23091	0.0583518	1.24135	1.22296	1.23091	-1.10625	-1.03463	0
657	-1.03463	-1.10625	1.23091	0.0583518	1.24135	0.0583518	1.23091	-1.10625	0.098142	0
658	-1.03463	-1.10625	1.23091	0.0583518	1.24135	0.0583518	1.23091	0.0583518	-1.03463	0
659	-1.03463	-1.10625	1.23091	0.0583518	0.136133	1.22296	-1.03463	0.0583518	1.23091	0
660	-1.03463	-1.10625	1.23091	0.0583518	0.136133	1.22296	0.098142	-1.10625	1.23091	0
661	-1.03463	-1.10625	0.098142	-1.10625	-0.96908	1.22296	1.23091	1.22296	1.23091	0
662	-1.03463	-1.10625	0.098142	-1.10625	1.24135	-1.10625	1.23091	1.22296	1.23091	0
663	-1.03463	-1.10625	0.098142	-1.10625	0.136133	0.0583518	1.23091	1.22296	1.23091	0
664	-1.03463	-1.10625	0.098142	1.22296	-0.96908	-1.10625	1.23091	1.22296	1.23091	0
665	-1.03463	-1.10625	0.098142	1.22296	1.24135	1.22296	-1.03463	-1.10625	1.23091	0
666	-1.03463	-1.10625	0.098142	1.22296	1.24135	1.22296	-1.03463	1.22296	-1.03463	0
667	-1.03463	-1.10625	0.098142	1.22296	1.24135	1.22296	-1.03463	0.0583518	0.098142	0
668	-1.03463	-1.10625	0.098142	1.22296	1.24135	1.22296	1.23091	-1.10625	-1.03463	0
669	-1.03463	-1.10625	0.098142	1.22296	1.24135	1.22296	0.098142	-1.10625	0.098142	0
670	-1.03463	-1.10625	0.098142	1.22296	1.24135	1.22296	0.098142	0.0583518	-1.03463	0
671	-1.03463	-1.10625	0.098142	0.0583518	-0.96908	0.0583518	1.23091	1.22296	1.23091	0
672	-1.03463	-1.10625	0.098142	0.0583518	0.136133	-1.10625	1.23091	1.22296	1.23091	0
673	-1.03463	1.22296	-1.03463	-1.10625	-0.96908	0.0583518	1.23091	1.22296	1.23091	0
674	-1.03463	1.22296	-1.03463	-1.10625	1.24135	-1.10625	1.23091	1.22296	0.098142	0
675	-1.03463	1.22296	-1.03463	-1.10625	1.24135	-1.10625	0.098142	1.22296	1.23091	0
676	-1.03463	1.22296	-1.03463	-1.10625	1.24135	1.22296	0.098142	1.22296	-1.03463	0
677	-1.03463	1.22296	-1.03463	-1.10625	1.24135	0.0583518	1.23091	1.22296	-1.03463	0
678	-1.03463	1.22296	-1.03463	-1.10625	1.24135	0.0583518	0.098142	1.22296	0.098142	0
679	-1.03463	1.22296	-1.03463	-1.10625	0.136133	-1.10625	1.23091	1.22296	1.23091	0
680	-1.03463	1.22296	-1.03463	1.22296	1.24135	-1.10625	-1.03463	1.22296	0.098142	0
681	-1.03463	1.22296	-1.03463	1.22296	1.24135	1.22296	-1.03463	-1.10625	0.098142	0
682	-1.03463	1.22296	-1.03463	1.22296	1.24135	1.22296	-1.03463	0.0583518	-1.03463	0
683	-1.03463	1.22296	-1.03463	1.22296	1.24135	1.22296	0.098142	-1.10625	-1.03463	0
684	-1.03463	1.22296	-1.03463	1.22296	1.24135	0.0583518	-1.03463	1.22296	-1.03463	0
685	-1.03463	1.22296	-1.03463	0.0583518	-0.96908	-1.10625	1.23091	1.22296	1.23091	0
686	-1.03463	1.22296	-1.03463	0.0583518	1.24135	-1.10625	-1.03463	1.22296	1.23091	0
687	-1.03463	1.22296	-1.03463	0.0583518	1.24135	-1.10625	0.098142	1.22296	0.098142	0
688	-1.03463	1.22296	-1.03463	0.0583518	1.24135	1.22296	-1.03463	1.22296	-1.03463	0
689	-1.03463	1.22296	-1.03463	0.0583518	1.24135	0.0583518	-1.03463	1.22296	0.098142	0
690	-1.03463	1.22296	-1.03463	0.0583518	1.24135	0.0583518	0.098142	1.22296	-1.03463	0
691	-1.03463	1.22296	1.23091	-1.10625	-0.96908	1.22296	0.098142	-1.10625	1.23091	0
692	-1.03463	1.22296	1.23091	-1.10625	1.24135	-1.10625	1.23091	-1.10625	0.098142	0
693	-1.03463	1.22296	1.23091	-1.10625	1.24135	-1.10625	1.23091	0.0583518	-1.03463	0
694	-1.03463	1.22296	1.23091	-1.10625	1.24135	-1.10625	0.098142	1.22296	-1.03463	0
695	-1.03463	1.22296	1.23091	-1.10625	1.24135	0.0583518	1.23091	-1.10625	-1.03463	0
696	-1.03463	1.22296	1.23091	0.0583518	-0.96908	1.22296	-1.03463	-1.10625	1.23091	0
697	-1.03463	1.22296	1.23091	0.0583518	1.24135	-1.10625	-1.03463	1.22296	-1.03463	0
698	-1.03463	1.22296	1.23091	0.0583518	1.24135	-1.10625	1.23091	-1.10625	-1.03463	0
699	-1.03463	1.22296	0.098142	-1.10625	1.24135	-1.10625	1.23091	1.22296	-1.03463	0
700	-1.03463	1.22296	0.098142	-1.10625	1.24135	-1.10625	0.098142	1.22296	0.098142	0
701	-1.03463	1.22296	0.098142	-1.10625	1.24135	0.0583518	0.098142	1.22296	-1.03463	0
702	-1.03463	1.22296	0.098142	1.22296	1.24135	-1.10625	-1.03463	1.22296	-1.03463	0
703	-1.03463	1.22296	0.098142	0.0583518	1.24135	-1.10625	-1.03463	1.22296	0.098142	0
704	-1.03463	1.22296	0.098142	0.0583518	1.24135	-1.10625	0.098142	1.22296	-1.03463	0
705	-1.03463	1.22296	0.098142	0.0583518	1.24135	0.0583518	-1.03463	1.22296	-1.03463	0
706	-1.03463	0.0583518	-1.03463	-1.10625	-0.96908	1.22296	1.23091	1.22296	1.23091	0
707	-1.03463	0.0583518	-1.03463	-1.10625	1.24135	-1.10625	1.23091	1.22296	1.23091	0
708	-1.03463	0.0583518	-1.03463	-1.10625	0.136133	0.0583518	1.23091	1.22296	1.23091	0
709	-1.03463	0.0583518	-1.03463	1.22296	-0.96908	-1.10625	1.23091	1.22296	1.23091	0
710	-1.03463	0.0583518	-1.03463	1.22296	1.24135	1.22296	-1.03463	-1.10625	1.23091	0
711	-1.03463	0.0583518	-1.03463	1.22296	1.24135	1.22296	-1.03463	1.22296	-1.03463	0
712	-1.03463	0.0583518	-1.03463	1.22296	1.24135	1.22296	-1.03463	0.0583518	0.098142	0
713	-1.03463	0.0583518	-1.03463	1.22296	1.24135	1.22296	1.23091	-1.10625	-1.03463	0
714	-1.03463	0.0583518	-1.03463	1.22296	1.24135	1.22296	0.098142	-1.10625	0.098142	0
715	-1.03463	0.0583518	-1.03463	1.22296	1.24135	1.22296	0.098142	0.0583518	-1.03463	0
716	-1.03463	0.0583518	-1.03463	0.0583518	-0.96908	0.0583518	1.23091	1.22296	1.23091	0
717	-1.03463	0.0583518	-1.03463	0.0583518	0.136133	-1.10625	1.23091	1.22296	1.23091	0
718	-1.03463	0.0583518	1.23091	-1.10625	-0.96908	1.22296	1.23091	-1.10625	1.23091	0
719	-1.03463	0.0583518	1.23091	-1.10625	-0.96908	1.22296	0.098142	0.0583518	1.23091	0
720	-1.03463	0.0583518	1.23091	-1.10625	1.24135	-1.10625	1.23091	-1.10625	1.23091	0
721	-1.03463	0.0583518	1.23091	-1.10625	1.24135	-1.10625	1.23091	1.22296	-1.03463	0
722	-1.03463	0.0583518	1.23091	-1.10625	1.24135	-1.10625	1.23091	0.0583518	0.098142	0
723	-1.03463	0.0583518	1.23091	-1.10625	1.24135	1.22296	1.23091	-1.10625	-1.03463	0
724	-1.03463	0.0583518	1.23091	-1.10625	1.24135	0.0583518	1.23091	-1.10625	0.098142	0
725	-1.03463	0.0583518	1.23091	-1.10625	1.24135	0.0583518	1.23091	0.0583518	-1.03463	0
726	-1.03463	0.0583518	1.23091	-1.10625	0.136133	1.22296	0.098142	-1.10625	1.23091	0
727	-1.03463	0.0583518	1.23091	1.22296	-0.96908	1.22296	-1.03463	-1.10625	1.23091	0
728	-1.03463	0.0583518	1.23091	1.22296	1.24135	-1.10625	1.23091	-1.10625	-1.03463	0
729	-1.03463	0.0583518	1.23091	0.0583518	-0.96908	1.22296	-1.03463	0.0583518	1.23091	0
730	-1.03463	0.0583518	1.23091	0.0583518	-0.96908	1.22296	0.098142	-1.10625	1.23091	0
731	-1.03463	0.0583518	1.23091	0.0583518	1.24135	-1.10625	1.23091	-1.10625	0.098142	0
732	-1.03463	0.0583518	1.23091	0.0583518	1.24135	-1.10625	1.23091	0.0583518	-1.03463	0
733	-1.03463	0.0583518	1.23091	0.0583518	1.24135	0.0583518	1.23091	-1.10625	-1.03463	0
734	-1.03463	0.0583518	1.23091	0.0583518	0.136133	1.22296	-1.03463	-1.10625	1.23091	0
735	-1.03463	0.0583518	0.098142	-1.10625	-0.96908	0.0583518	1.23091	1.22296	1.23091	0
736	-1.03463	0.0583518	0.098142	-1.10625	0.136133	-1.10625	1.23091	1.22296	1.23091	0
737	-1.03463	0.0583518	0.098142	1.22296	1.24135	1.22296	-1.03463	-1.10625	0.098142	0
738	-1.03463	0.0583518	0.098142	1.22296	1.24135	1.22296	-1.03463	0.0583518	-1.03463	0
739	-1.03463	0.0583518	0.098142	1.22296	1.24135	1.22296	0.098142	-1.10625	-1.03463	0
740	-1.03463	0.0583518	0.098142	0.0583518	-0.96908	-1.10625	1.23091	1.22296	1.23091	0
741	1.23091	-1.10625	-1.03463	-1.10625	-0.96908	0.0583518	1.23091	1.22296	1.23091	0
742	1.23091	-1.10625	-1.03463	-1.10625	1.24135	-1.10625	1.23091	0.0583518	1.23091	0
743	1.23091	-1.10625	-1.03463	-1.10625	1.24135	-1.10625	0.098142	1.22296	1.23091	0
744	1.23091	-1.10625	-1.03463	-1.10625	1.24135	1.22296	-1.03463	0.0583518	1.23091	0
745	1.23091	-1.10625	-1.03463	-1.10625	1.24135	1.22296	0.098142	-1.10625	1.23091	0
746	1.23091	-1.10625	-1.03463	-1.10625	1.24135	0.0583518	-1.03463	1.22296	1.23091	0
747	1.23091	-1.10625	-1.03463	-1.10625	1.24135	0.0583518	1.23091	-1.10625	1.23091	0
748	1.23091	-1.10625	-1.03463	-1.10625	1.24135	0.0583518	0.098142	0.0583518	1.23091	0
749	1.23091	-1.10625	-1.03463	-1.10625	0.136133	-1.10625	1.23091	1.22296	1.23091	0
750	1.23091	-1.10625	-1.03463	1.22296	-0.96908	-1.10625	1.23091	1.22296	0.098142	0
751	1.23091	-1.10625	-1.03463	1.22296	-0.96908	-1.10625	1.23091	0.0583518	1.23091	0
752	1.23091	-1.10625	-1.03463	1.22296	-0.96908	1.22296	1.23091	0.0583518	-1.03463	0
753	1.23091	-1.10625	-1.03463	1.22296	-0.96908	0.0583518	1.23091	1.22296	-1.03463	0
754	1.23091	-1.10625	-1.03463	1.22296	-0.96908	0.0583518	1.23091	0.0583518	0.098142	0
755	1.23091	-1.10625	-1.03463	1.22296	1.24135	-1.10625	-1.03463	0.0583518	1.23091	0
756	1.23091	-1.10625	-1.03463	1.22296	1.24135	-1.10625	1.23091	-1.10625	0.098142	0
757	1.23091	-1.10625	-1.03463	1.22296	1.24135	-1.10625	0.098142	-1.10625	1.23091	0
758	1.23091	-1.10625	-1.03463	1.22296	1.24135	1.22296	-1.03463	-1.10625	0.098142	0
759	1.23091	-1.10625	-1.03463	1.22296	1.24135	1.22296	-1.03463	0.0583518	-1.03463	0
760	1.23091	-1.10625	-1.03463	1.22296	1.24135	1.22296	0.098142	-1.10625	-1.03463	0
761	1.23091	-1.10625	-1.03463	1.22296	1.24135	0.0583518	-1.03463	-1.10625	1.23091	0
762	1.23091	-1.10625	-1.03463	1.22296	1.24135	0.0583518	1.23091	-1.10625	-1.03463	0
763	1.23091	-1.10625	-1.03463	1.22296	0.136133	-1.10625	1.23091	-1.10625	1.23091	0
764	1.23091	-1.10625	-1.03463	1.22296	0.136133	-1.10625	1.23091	0.0583518	0.098142	0
765	1.23091	-1.10625	-1.03463	1.22296	0.136133	1.22296	1.23091	-1.10625	-1.03463	0
766	1.23091	-1.10625	-1.03463	1.22296	0.136133	0.0583518	1.23091	-1.10625	0.098142	0
767	1.23091	-1.10625	-1.03463	1.22296	0.136133	0.0583518	1.23091	0.0583518	-1.03463	0
768	1.23091	-1.10625	-1.03463	0.0583518	-0.96908	-1.10625	1.23091	1.22296	1.23091	0
769	1.23091	-1.10625	-1.03463	0.0583518	1.24135	-1.10625	-1.03463	1.22296	1.23091	0
770	1.23091	-1.10625	-1.03463	0.0583518	1.24135	-1.10625	1.23091	-1.10625	1.23091	0
771	1.23091	-1.10625	-1.03463	0.0583518	1.24135	-1.10625	0.098142	0.0583518	1.23091	0
772	1.23091	-1.10625	-1.03463	0.0583518	1.24135	1.22296	-1.03463	-1.10625	1.23091	0
773	1.23091	-1.10625	-1.03463	0.0583518	1.24135	0.0583518	-1.03463	0.0583518	1.23091	0
774	1.23091	-1.10625	-1.03463	0.0583518	1.24135	0.0583518	0.098142	-1.10625	1.23091	0
775	1.23091	-1.10625	1.23091	-1.10625	-0.96908	1.22296	-1.03463	0.0583518	1.23091	0
776	1.23091	-1.10625	1.23091	-1.10625	1.24135	-1.10625	-1.03463	0.0583518	1.23091	0
777	1.23091	-1.10625	1.23091	-1.10625	1.24135	-1.10625	1.23091	-1.10625	0.098142	0
778	1.23091	-1.10625	1.23091	-1.10625	1.24135	-1.10625	1.23091	0.0583518	-1.03463	0
779	1.23091	-1.10625	1.23091	-1.10625	1.24135	-1.10625	0.098142	-1.10625	1.23091	0
780	1.23091	-1.10625	1.23091	-1.10625	1.24135	0.0583518	-1.03463	-1.10625	1.23091	0
781	1.23091	-1.10625	1.23091	-1.10625	1.24135	0.0583518	1.23091	-1.10625	-1.03463	0
782	1.23091	-1.10625	1.23091	-1.10625	0.136133	1.22296	-1.03463	-1.10625	1.23091	0
783	1.23091	-1.10625	1.23091	1.22296	-0.96908	-1.10625	1.23091	0.0583518	-1.03463	0
784	1.23091	-1.10625	1.23091	1.22296	0.136133	-1.10625	1.23091	-1.10625	-1.03463	0
785	1.23091	-1.10625	1.23091	0.0583518	1.24135	-1.10625	-1.03463	-1.10625	1.23091	0
786	1.23091	-1.10625	1.23091	0.0583518	1.24135	-1.10625	1.23091	-1.10625	-1.03463	0
787	1.23091	-1.10625	0.098142	-1.10625	1.24135	-1.10625	-1.03463	1.22296	1.23091	0
788	1.23091	-1.10625	0.098142	-1.10625	1.24135	-1.10625	1.23091	-1.10625	1.23091	0
789	1.23091	-1.10625	0.098142	-1.10625	1.24135	-1.10625	0.098142	0.0583518	1.23091	0
790	1.23091	-1.10625	0.098142	-1.10625	1.24135	1.22296	-1.03463	-1.10625	1.23091	0
791	1.23091	-1.10625	0.098142	-1.10625	1.24135	0.0583518	-1.03463	0.0583518	1.23091	0
792	1.23091	-1.10625	0.098142	-1.10625	1.24135	0.0583518	0.098142	-1.10625	1.23091	0
793	1.23091	-1.10625	0.098142	1.22296	-0.96908	-1.10625	1.23091	1.22296	-1.03463	0
794	1.23091	-1.10625	0.098142	1.22296	-0.96908	-1.10625	1.23091	0.0583518	0.098142	0
795	1.23091	-1.10625	0.098142	1.22296	-0.96908	0.0583518	1.23091	0.0583518	-1.03463	0
796	1.23091	-1.10625	0.098142	1.22296	1.24135	-1.10625	-1.03463	-1.10625	1.23091	0
797	1.23091	-1.10625	0.098142	1.22296	1.24135	-1.10625	1.23091	-1.10625	-1.03463	0
798	1.23091	-1.10625	0.098142	1.22296	0.136133	-1.10625	1.23091	-1.10625	0.098142	0
799	1.23091	-1.10625	0.098142	1.22296	0.136133	-1.10625	1.23091	0.0583518	-1.03463	0
800	1.23091	-1.10625	0.098142	1.22296	0.136133	0.0583518	1.23091	-1.10625	-1.03463	0
801	1.23091	-1.10625	0.098142	0.0583518	1.24135	-1.10625	-1.03463	0.0583518	1.23091	0
802	1.23091	-1.10625	0.098142	0.0583518	1.24135	-1.10625	0.098142	-1.10625	1.23091	0
803	1.23091	-1.10625	0.098142	0.0583518	1.24135	0.0583518	-1.03463	-1.10625	1.23091	0
804	1.23091	1.22296	-1.03463	-1.10625	1.24135	-1.10625	-1.03463	1.22296	0.098142	0
805	1.23091	1.22296	-1.03463	-1.10625	1.24135	-1.10625	-1.03463	0.0583518	1.23091	0
806	1.23091	1.22296	-1.03463	-1.10625	1.24135	-1.10625	0.098142	-1.10625	1.23091	0
807	1.23091	1.22296	-1.03463	-1.10625	1.24135	0.0583518	-1.03463	-1.10625	1.23091	0
808	1.23091	1.22296	-1.03463	-1.10625	1.24135	0.0583518	-1.03463	1.22296	-1.03463	0
809	1.23091	1.22296	-1.03463	1.22296	-0.96908	-1.10625	1.23091	-1.10625	0.098142	0
810	1.23091	1.22296	-1.03463	1.22296	-0.96908	0.0583518	1.23091	-1.10625	-1.03463	0
811	1.23091	1.22296	-1.03463	0.0583518	1.24135	-1.10625	-1.03463	-1.10625	1.23091	0
812	1.23091	1.22296	1.23091	-1.10625	-0.96908	1.22296	-1.03463	-1.10625	0.098142	0
813	1.23091	1.22296	1.23091	-1.10625	-0.96908	1.22296	-1.03463	0.0583518	-1.03463	0
814	1.23091	1.22296	1.23091	-1.10625	-0.96908	1.22296	0.098142	-1.10625	-1.03463	0
815	1.23091	1.22296	1.23091	-1.10625	-0.96908	0.0583518	-1.03463	-1.10625	1.23091	0
816	1.23091	1.22296	1.23091	-1.10625	-0.96908	0.0583518	-1.03463	1.22296	-1.03463	0
817	1.23091	1.22296	1.23091	-1.10625	-0.96908	0.0583518	-1.03463	0.0583518	0.098142	0
818	1.23091	1.22296	1.23091	-1.10625	-0.96908	0.0583518	1.23091	-1.10625	-1.03463	0
819	1.23091	1.22296	1.23091	-1.10625	-0.96908	0.0583518	0.098142	-1.10625	0.098142	0
820	1.23091	1.22296	1.23091	-1.10625	-0.96908	0.0583518	0.098142	0.0583518	-1.03463	0
821	1.23091	1.22296	1.23091	-1.10625	1.24135	-1.10625	-1.03463	-1.10625	0.098142	0
822	1.23091	1.22296	1.23091	-1.10625	1.24135	-1.10625	-1.03463	0.0583518	-1.03463	0
823	1.23091	1.22296	1.23091	-1.10625	1.24135	-1.10625	0.098142	-1.10625	-1.03463	0
824	1.23091	1.22296	1.23091	-1.10625	0.136133	-1.10625	-1.03463	-1.10625	1.23091	0
825	1.23091	1.22296	1.23091	-1.10625	0.136133	-1.10625	-1.03463	1.22296	-1.03463	0
826	1.23091	1.22296	1.23091	-1.10625	0.136133	-1.10625	-1.03463	0.0583518	0.098142	0
827	1.23091	1.22296	1.23091	-1.10625	0.136133	-1.10625	1.23091	-1.10625	-1.03463	0
828	1.23091	1.22296	1.23091	-1.10625	0.136133	-1.10625	0.098142	-1.10625	0.098142	0
829	1.23091	1.22296	1.23091	-1.10625	0.136133	-1.10625	0.098142	0.0583518	-1.03463	0
830	1.23091	1.22296	1.23091	-1.10625	0.136133	0.0583518	-1.03463	-1.10625	0.098142	0
831	1.23091	1.22296	1.23091	-1.10625	0.136133	0.0583518	-1.03463	0.0583518	-1.03463	0
832	1.23091	1.22296	1.23091	-1.10625	0.136133	0.0583518	0.098142	-1.10625	-1.03463	0
833	1.23091	1.22296	1.23091	1.22296	-0.96908	-1.10625	-1.03463	-1.10625	0.098142	0
834	1.23091	1.22296	1.23091	1.22296	-0.96908	-1.10625	-1.03463	0.0583518	-1.03463	0
835	1.23091	1.22296	1.23091	1.22296	-0.96908	-1.10625	0.098142	-1.10625	-1.03463	0
836	1.23091	1.22296	1.23091	0.0583518	-0.96908	-1.10625	-1.03463	-1.10625	1.23091	0
837	1.23091	1.22296	1.23091	0.0583518	-0.96908	-1.10625	-1.03463	1.22296	-1.03463	0
838	1.23091	1.22296	1.23091	0.0583518	-0.96908	-1.10625	-1.03463	0.0583518	0.098142	0
839	1.23091	1.22296	1.23091	0.0583518	-0.96908	-1.10625	1.23091	-1.10625	-1.03463	0
840	1.23091	1.22296	1.23091	0.0583518	-0.96908	-1.10625	0.098142	-1.10625	0.098142	0
841	1.23091	1.22296	1.23091	0.0583518	-0.96908	-1.10625	0.098142	0.0583518	-1.03463	0
842	1.23091	1.22296	1.23091	0.0583518	-0.96908	0.0583518	-1.03463	-1.10625	0.098142	0
843	1.23091	1.22296	1.23091	0.0583518	-0.96908	0.0583518	-1.03463	0.0583518	-1.03463	0
844	1.23091	1.22296	1.23091	0.0583518	-0.96908	0.0583518	0.098142	-1.10625	-1.03463	0
845	1.23091	1.22296	1.23091	0.0583518	0.136133	-1.10625	-1.03463	-1.10625	0.098142	0
846	1.23091	1.22296	1.23091	0.0583518	0.136133	-1.10625	-1.03463	0.0583518	-1.03463	0
847	1.23091	1.22296	1.23091	0.0583518	0.136133	-1.10625	0.098142	-1.10625	-1.03463	0
848	1.23091	1.22296	0.098142	-1.10625	1.24135	-1.10625	-1.03463	-1.10625	1.23091	0
849	1.23091	1.22296	0.098142	-1.10625	1.24135	-1.10625	-1.03463	1.22296	-1.03463	0
850	1.23091	1.22296	0.098142	1.22296	-0.96908	-1.10625	1.23091	-1.10625	-1.03463	0
851	1.23091	0.0583518	-1.03463	-1.10625	1.24135	-1.10625	-1.03463	1.22296	1.23091	0
852	1.23091	0.0583518	-1.03463	-1.10625	1.24135	-1.10625	1.23091	-1.10625	1.23091	0
853	1.23091	0.0583518	-1.03463	-1.10625	1.24135	-1.10625	0.098142	0.0583518	1.23091	0
854	1.23091	0.0583518	-1.03463	-1.10625	1.24135	1.22296	-1.03463	-1.10625	1.23091	0
855	1.23091	0.0583518	-1.03463	-1.10625	1.24135	0.0583518	-1.03463	0.0583518	1.23091	0
856	1.23091	0.0583518	-1.03463	-1.10625	1.24135	0.0583518	0.098142	-1.10625	1.23091	0
857	1.23091	0.0583518	-1.03463	1.22296	-0.96908	-1.10625	1.23091	-1.10625	1.23091	0
858	1.23091	0.0583518	-1.03463	1.22296	-0.96908	-1.10625	1.23091	0.0583518	0.098142	0
859	1.23091	0.0583518	-1.03463	1.22296	-0.96908	1.22296	1.23091	-1.10625	-1.03463	0
860	1.23091	0.0583518	-1.03463	1.22296	-0.96908	0.0583518	1.23091	-1.10625	0.098142	0
861	1.23091	0.0583518	-1.03463	1.22296	-0.96908	0.0583518	1.23091	0.0583518	-1.03463	0
862	1.23091	0.0583518	-1.03463	1.22296	1.24135	-1.10625	-1.03463	-1.10625	1.23091	0
863	1.23091	0.0583518	-1.03463	1.22296	0.136133	-1.10625	1.23091	-1.10625	0.098142	0
864	1.23091	0.0583518	-1.03463	1.22296	0.136133	0.0583518	1.23091	-1.10625	-1.03463	0
865	1.23091	0.0583518	-1.03463	0.0583518	1.24135	-1.10625	-1.03463	0.0583518	1.23091	0
866	1.23091	0.0583518	-1.03463	0.0583518	1.24135	-1.10625	0.098142	-1.10625	1.23091	0
867	1.23091	0.0583518	-1.03463	0.0583518	1.24135	0.0583518	-1.03463	-1.10625	1.23091	0
868	1.23091	0.0583518	1.23091	-1.10625	-0.96908	1.22296	-1.03463	-1.10625	1.23091	0
869	1.23091	0.0583518	1.23091	-1.10625	1.24135	-1.10625	-1.03463	-1.10625	1.23091	0
870	1.23091	0.0583518	1.23091	-1.10625	1.24135	-1.10625	1.23091	-1.10625	-1.03463	0
871	1.23091	0.0583518	1.23091	1.22296	-0.96908	-1.10625	1.23091	-1.10625	-1.03463	0
872	1.23091	0.0583518	0.098142	-1.10625	1.24135	-1.10625	-1.03463	0.0583518	1.23091	0
873	1.23091	0.0583518	0.098142	-1.10625	1.24135	-1.10625	0.098142	-1.10625	1.23091	0
874	1.23091	0.0583518	0.098142	-1.10625	1.24135	0.0583518	-1.03463	-1.10625	1.23091	0
875	1.23091	0.0583518	0.098142	1.22296	-0.96908	-1.10625	1.23091	-1.10625	0.098142	0
876	1.23091	0.0583518	0.098142	1.22296	-0.96908	-1.10625	1.23091	0.0583518	-1.03463	0
877	1.23091	0.0583518	0.098142	1.22296	-0.96908	0.0583518	1.23091	-1.10625	-1.03463	0
878	1.23091	0.0583518	0.098142	1.22296	0.136133	-1.10625	1.23091	-1.10625	-1.03463	0
879	1.23091	0.0583518	0.098142	0.0583518	1.24135	-1.10625	-1.03463	-1.10625	1.23091	0
880	0.098142	-1.10625	-1.03463	-1.10625	-0.96908	1.22296	1.23091	1.22296	1.23091	0
881	0.098142	-1.10625	-1.03463	-1.10625	1.24135	-1.10625	1.23091	1.22296	1.23091	0
882	0.098142	-1.10625	-1.03463	-1.10625	0.136133	0.0583518	1.23091	1.22296	1.23091	0
883	0.098142	-1.10625	-1.03463	1.22296	-0.96908	-1.10625	1.23091	1.22296	1.23091	0
884	0.098142	-1.10625	-1.03463	1.22296	1.24135	1.22296	-1.03463	-1.10625	1.23091	0
885	0.098142	-1.10625	-1.03463	1.22296	1.24135	1.22296	-1.03463	1.22296	-1.03463	0
886	0.098142	-1.10625	-1.03463	1.22296	1.24135	1.22296	-1.03463	0.0583518	0.098142	0
887	0.098142	-1.10625	-1.03463	1.22296	1.24135	1.22296	1.23091	-1.10625	-1.03463	0
888	0.098142	-1.10625	-1.03463	1.22296	1.24135	1.22296	0.098142	-1.10625	0.098142	0
889	0.098142	-1.10625	-1.03463	1.22296	1.24135	1.22296	0.098142	0.0583518	-1.03463	0
890	0.098142	-1.10625	-1.03463	0.0583518	-0.96908	0.0583518	1.23091	1.22296	1.23091	0
891	0.098142	-1.10625	-1.03463	0.0583518	0.136133	-1.10625	1.23091	1.22296	1.23091	0
892	0.098142	-1.10625	1.23091	-1.10625	-0.96908	1.22296	-1.03463	1.22296	1.23091	0
893	0.098142	-1.10625	1.23091	-1.10625	-0.96908	1.22296	0.098142	0.0583518	1.23091	0
894	0.098142	-1.10625	1.23091	-1.10625	1.24135	-1.10625	1.23091	-1.10625	1.23091	0
895	0.098142	-1.10625	1.23091	-1.10625	1.24135	-1.10625	1.23091	1.22296	-1.03463	0
896	0.098142	-1.10625	1.23091	-1.10625	1.24135	-1.10625	1.23091	0.0583518	0.098142	0
897	0.098142	-1.10625	1.23091	-1.10625	1.24135	1.22296	-1.03463	-1.10625	1.23091	0
898	0.098142	-1.10625	1.23091	-1.10625	1.24135	1.22296	1.23091	-1.10625	-1.03463	0
899	0.098142	-1.10625	1.23091	-1.10625	1.24135	0.0583518	1.23091	-1.10625	0.098142	0
900	0.098142	-1.10625	1.23091	-1.10625	1.24135	0.0583518	1.23091	0.0583518	-1.03463	0
901	0.098142	-1.10625	1.23091	-1.10625	0.136133	1.22296	-1.03463	0.0583518	1.23091	0
902	0.098142	-1.10625	1.23091	-1.10625	0.136133	1.22296	0.098142	-1.10625	1.23091	0
903	0.098142	-1.10625	1.23091	1.22296	1.24135	-1.10625	1.23091	-1.10625	-1.03463	0
904	0.098142	-1.10625	1.23091	0.0583518	-0.96908	1.22296	-1.03463	0.0583518	1.23091	0
905	0.098142	-1.10625	1.23091	0.0583518	1.24135	-1.10625	1.23091	-1.10625	0.098142	0
906	0.098142	-1.10625	1.23091	0.0583518	1.24135	-1.10625	1.23091	0.0583518	-1.03463	0
907	0.098142	-1.10625	1.23091	0.0583518	1.24135	0.0583518	1.23091	-1.10625	-1.03463	0
908	0.098142	-1.10625	1.23091	0.0583518	0.136133	1.22296	-1.03463	-1.10625	1.23091	0
909	0.098142	-1.10625	0.098142	-1.10625	-0.96908	0.0583518	1.23091	1.22296	1.23091	0
910	0.098142	-1.10625	0.098142	-1.10625	0.136133	-1.10625	1.23091	1.22296	1.23091	0
911	0.098142	-1.10625	0.098142	1.22296	1.24135	1.22296	-1.03463	-1.10625	0.098142	0
912	0.098142	-1.10625	0.098142	1.22296	1.24135	1.22296	-1.03463	0.0583518	-1.03463	0
913	0.098142	-1.10625	0.098142	1.22296	1.24135	1.22296	0.098142	-1.10625	-1.03463	0
914	0.098142	-1.10625	0.098142	0.0583518	-0.96908	-1.10625	1.23091	1.22296	1.23091	0
915	0.098142	1.22296	-1.03463	-1.10625	1.24135	-1.10625	-1.03463	1.22296	1.23091	0
916	0.098142	1.22296	-1.03463	-1.10625	1.24135	-1.10625	0.098142	1.22296	0.098142	0
917	0.098142	1.22296	-1.03463	-1.10625	1.24135	1.22296	-1.03463	1.22296	-1.03463	0
918	0.098142	1.22296	-1.03463	-1.10625	1.24135	0.0583518	-1.03463	1.22296	0.098142	0
919	0.098142	1.22296	-1.03463	-1.10625	1.24135	0.0583518	0.098142	1.22296	-1.03463	0
920	0.098142	1.22296	-1.03463	0.0583518	1.24135	-1.10625	-1.03463	1.22296	0.098142	0
921	0.098142	1.22296	-1.03463	0.0583518	1.24135	0.0583518	-1.03463	1.22296	-1.03463	0
922	0.098142	1.22296	1.23091	-1.10625	-0.96908	1.22296	-1.03463	-1.10625	1.23091	0
923	0.098142	1.22296	1.23091	-1.10625	1.24135	-1.10625	-1.03463	1.22296	-1.03463	0
924	0.098142	1.22296	1.23091	-1.10625	1.24135	-1.10625	1.23091	-1.10625	-1.03463	0
925	0.098142	1.22296	0.098142	-1.10625	1.24135	-1.10625	-1.03463	1.22296	0.098142	0
926	0.098142	1.22296	0.098142	-1.10625	1.24135	-1.10625	0.098142	1.22296	-1.03463	0
927	0.098142	1.22296	0.098142	-1.10625	1.24135	0.0583518	-1.03463	1.22296	-1.03463	0
928	0.098142	1.22296	0.098142	0.0583518	1.24135	-1.10625	-1.03463	1.22296	-1.03463	0
929	0.098142	0.0583518	-1.03463	-1.10625	-0.96908	0.0583518	1.23091	1.22296	1.23091	0
930	0.098142	0.0583518	-1.03463	-1.10625	0.136133	-1.10625	1.23091	1.22296	1.23091	0
931	0.098142	0.0583518	-1.03463	1.22296	1.24135	1.22296	-1.03463	-1.10625	0.098142	0
932	0.098142	0.0583518	-1.03463	1.22296	1.24135	1.22296	-1.03463	0.0583518	-1.03463	0
933	0.098142	0.0583518	-1.03463	1.22296	1.24135	1.22296	0.098142	-1.10625	-1.03463	0
934	0.098142	0.0583518	-1.03463	0.0583518	-0.96908	-1.10625	1.23091	1.22296	1.23091	0
935	0.098142	0.0583518	1.23091	-1.10625	-0.96908	1.22296	-1.03463	0.0583518	1.23091	0
936	0.098142	0.0583518	1.23091	-1.10625	-0.96908	1.22296	0.098142	-1.10625	1.23091	0
937	0.098142	0.0583518	1.23091	-1.10625	1.24135	-1.10625	1.23091	-1.10625	0.098142	0
938	0.098142	0.0583518	1.23091	-1.10625	1.24135	-1.10625	1.23091	0.0583518	-1.03463	0
939	0.098142	0.0583518	1.23091	-1.10625	1.24135	0.0583518	1.23091	-1.10625	-1.03463	0
940	0.098142	0.0583518	1.23091	-1.10625	0.136133	1.22296	-1.03463	-1.10625	1.23091	0
941	0.098142	0.0583518	1.23091	0.0583518	-0.96908	1.22296	-1.03463	-1.10625	1.23091	0
942	0.098142	0.0583518	1.23091	0.0583518	1.24135	-1.10625	1.23091	-1.10625	-1.03463	0
943	-1.03463	-1.10625	1.23091	1.22296	-0.96908	-1.10625	-1.03463	1.22296	1.23091	0
944	-1.03463	-1.10625	1.23091	1.22296	1.24135	-1.10625	-1.03463	-1.10625	1.23091	0
945	-1.03463	-1.10625	1.23091	1.22296	1.24135	-1.10625	-1.03463	1.22296	-1.03463	0
946	-1.03463	1.22296	-1.03463	-1.10625	-0.96908	1.22296	1.23091	-1.10625	1.23091	0
947	-1.03463	1.22296	-1.03463	-1.10625	1.24135	-1.10625	1.23091	-1.10625	1.23091	0
948	-1.03463	1.22296	-1.03463	-1.10625	1.24135	1.22296	1.23091	-1.10625	-1.03463	0
949	-1.03463	1.22296	-1.03463	1.22296	-0.96908	-1.10625	1.23091	-1.10625	1.23091	0
950	-1.03463	1.22296	-1.03463	1.22296	1.24135	-1.10625	-1.03463	-1.10625	1.23091	0
951	-1.03463	1.22296	1.23091	1.22296	-0.96908	-1.10625	-1.03463	-1.10625	1.23091	0
952	1.23091	-1.10625	-1.03463	-1.10625	-0.96908	1.22296	1.23091	1.22296	-1.03463	0
953	1.23091	-1.10625	-1.03463	-1.10625	1.24135	1.22296	-1.03463	1.22296	-1.03463	0
954	1.23091	-1.10625	-1.03463	-1.10625	1.24135	1.22296	1.23091	-1.10625	-1.03463	0
955	1.23091	-1.10625	1.23091	-1.10625	-0.96908	1.22296	-1.03463	1.22296	-1.03463	0
956	1.23091	-1.10625	1.23091	-1.10625	1.24135	-1.10625	-1.03463	1.22296	-1.03463	0
957	1.23091	-1.10625	1.23091	1.22296	-0.96908	-1.10625	-1.03463	1.22296	-1.03463	0
958	1.23091	1.22296	-1.03463	-1.10625	-0.96908	1.22296	1.23091	-1.10625	-1.03463	0
