	f1	f2	f3	clase
1	-1.86652	-0.22821	0.520957	1
2	-1.86652	-0.22821	0.520957	1
3	-1.86652	-0.22821	0.520957	1
4	-1.86652	-0.22821	0.520957	1
5	-1.86652	-0.22821	0.520957	1
6	-1.86652	-0.22821	0.520957	1
7	-1.86652	-0.22821	0.520957	1
8	-1.86652	-0.22821	0.520957	1
9	-1.86652	-0.22821	0.520957	1
10	-1.86652	-0.22821	0.520957	1
11	-1.86652	-0.22821	0.520957	1
12	-1.86652	-0.22821	0.520957	1
13	-1.86652	-0.22821	0.520957	1
14	-1.86652	-0.22821	0.520957	1
15	-1.86652	-0.22821	0.520957	1
16	-1.86652	-0.22821	0.520957	1
17	-1.86652	-0.22821	0.520957	1
18	-1.86652	-0.22821	0.520957	1
19	-1.86652	-0.22821	0.520957	1
20	-1.86652	-0.22821	0.520957	1
21	-1.86652	-0.22821	0.520957	1
22	-1.86652	-0.22821	0.520957	1
23	-1.86652	-0.22821	0.520957	1
24	-1.86652	-0.22821	0.520957	1
25	-1.86652	-0.22821	0.520957	1
26	-1.86652	-0.22821	0.520957	1
27	-1.86652	-0.22821	0.520957	1
28	-1.86652	-0.22821	0.520957	1
29	-1.86652	-0.22821	0.520957	1
30	-1.86652	-0.22821	0.520957	1
31	-1.86652	-0.22821	0.520957	1
32	-1.86652	-0.22821	0.520957	1
33	-1.86652	-0.22821	0.520957	1
34	-1.86652	-0.22821	0.520957	1
35	-1.86652	-0.22821	0.520957	1
36	-1.86652	-0.22821	0.520957	1
37	-1.86652	-0.22821	0.520957	1
38	-1.86652	-0.22821	0.520957	1
39	-1.86652	-0.22821	0.520957	1
40	-1.86652	-0.22821	0.520957	1
41	-1.86652	-0.22821	0.520957	1
42	-1.86652	-0.22821	0.520957	1
43	-1.86652	-0.22821	0.520957	1
44	-1.86652	-0.22821	0.520957	1
45	-1.86652	-0.22821	0.520957	1
46	-1.86652	-0.22821	0.520957	1
47	-1.86652	-0.22821	0.520957	1
48	-1.86652	-0.22821	0.520957	1
49	-1.86652	-0.22821	0.520957	1
50	-1.86652	-0.22821	0.520957	1
51	-1.86652	-0.22821	0.520957	1
52	-1.86652	-0.22821	0.520957	1
53	-1.86652	-0.22821	0.520957	1
54	-1.86652	-0.22821	0.520957	1
55	-1.86652	-0.22821	0.520957	1
56	-1.86652	-0.22821	0.520957	1
57	-1.86652	-0.22821	0.520957	1
58	-1.86652	-0.22821	0.520957	0
59	-1.86652	-0.22821	0.520957	0
60	-1.86652	-0.22821	0.520957	0
61	-1.86652	-0.22821	0.520957	0
62	-1.86652	-0.22821	0.520957	0
63	-1.86652	-0.22821	0.520957	0
64	-1.86652	-0.22821	0.520957	0
65	-1.86652	-0.22821	0.520957	0
66	-1.86652	-0.22821	0.520957	0
67	-1.86652	-0.22821	0.520957	0
68	-1.86652	-0.22821	0.520957	0
69	-1.86652	-0.22821	0.520957	0
70	-1.86652	-0.22821	0.520957	0
71	-1.86652	-0.22821	0.520957	0
72	-1.86652	-0.22821	0.520957	0
73	-1.86652	-0.22821	0.520957	0
74	-1.86652	-0.22821	0.520957	0
75	-1.86652	-0.22821	0.520957	0
76	-1.86652	-0.22821	0.520957	0
77	-1.86652	-0.22821	0.520957	0
78	-1.86652	-0.22821	0.520957	0
79	-1.86652	-0.22821	0.520957	0
80	-1.86652	-0.22821	0.520957	0
81	-1.86652	-0.22821	0.520957	0
82	-1.86652	-0.22821	0.520957	0
83	-1.86652	-0.22821	0.520957	0
84	-1.86652	-0.22821	0.520957	0
85	-1.86652	-0.22821	0.520957	0
86	-1.86652	-0.22821	0.520957	0
87	-1.86652	-0.22821	0.520957	0
88	-1.86652	-0.22821	0.520957	0
89	-1.86652	-0.22821	0.520957	0
90	-1.86652	-0.22821	0.520957	0
91	-1.86652	-0.22821	0.520957	0
92	-1.86652	-0.22821	0.520957	0
93	-1.86652	-0.22821	0.520957	0
94	-1.86652	-0.22821	0.520957	0
95	-1.86652	-0.22821	0.520957	0
96	-1.86652	-0.22821	0.520957	0
97	-1.86652	-0.22821	0.520957	0
98	-1.86652	-0.22821	0.520957	0
99	-1.86652	-0.22821	0.520957	0
100	-1.86652	-0.22821	0.520957	0
101	-1.86652	-0.22821	0.520957	0
102	-1.86652	-0.22821	0.520957	0
103	-1.86652	-0.22821	0.520957	0
104	-1.86652	-0.22821	0.520957	0
105	-1.86652	-0.22821	0.520957	0
106	-1.86652	-0.22821	0.520957	0
107	-1.86652	-0.22821	0.520957	0
108	-1.86652	-0.22821	0.520957	0
109	-1.86652	-0.22821	0.520957	0
110	-1.86652	-0.22821	0.520957	0
111	-1.86652	-0.22821	0.520957	0
112	-1.86652	-0.22821	0.520957	0
113	-1.86652	-0.22821	0.520957	0
114	-1.86652	-0.22821	0.520957	0
115	-1.86652	-0.22821	0.520957	0
116	-1.86652	-0.22821	0.520957	0
117	-1.86652	-0.22821	0.520957	0
118	-1.86652	-0.22821	0.520957	0
119	-1.86652	-0.22821	0.520957	0
120	-1.86652	-0.22821	0.520957	0
121	-1.86652	-0.22821	0.520957	0
122	-1.86652	-0.22821	0.520957	0
123	-1.86652	-0.22821	0.520957	0
124	-1.86652	-0.22821	0.520957	0
125	-1.86652	-0.22821	0.520957	0
126	-1.86652	-0.22821	0.520957	0
127	-1.86652	-0.22821	0.520957	0
128	-1.86652	-0.22821	0.520957	0
129	-1.86652	-0.22821	0.520957	0
130	-1.86652	-0.22821	0.520957	0
131	-1.86652	-0.22821	0.520957	0
132	-1.86652	-0.22821	0.520957	0
133	-1.86652	-0.22821	0.520957	0
134	-1.86652	-0.22821	0.520957	0
135	-1.86652	-0.22821	0.520957	0
136	-1.86652	-0.22821	0.520957	0
137	-1.86652	-0.22821	0.520957	0
138	-1.86652	-0.22821	0.520957	0
139	-1.86652	-0.22821	0.520957	0
140	-1.86652	-0.22821	0.520957	0
141	-1.86652	-0.22821	0.520957	0
142	-1.86652	-0.22821	0.520957	0
143	-1.86652	-0.22821	0.520957	0
144	-1.86652	-0.22821	0.520957	0
145	-1.86652	-0.22821	0.520957	0
146	-1.86652	-0.22821	0.520957	0
147	-1.86652	-0.22821	0.520957	0
148	-1.86652	-0.22821	0.520957	0
149	-1.86652	-0.22821	0.520957	0
150	-1.86652	-0.22821	0.520957	0
151	-1.86652	-0.22821	0.520957	0
152	-1.86652	-0.22821	0.520957	0
153	-1.86652	-0.22821	0.520957	0
154	-1.86652	-0.22821	0.520957	0
155	-1.86652	-0.22821	0.520957	0
156	-1.86652	-0.22821	0.520957	0
157	-1.86652	-0.22821	0.520957	0
158	-1.86652	-0.22821	0.520957	0
159	-1.86652	-0.22821	0.520957	0
160	-1.86652	-0.22821	0.520957	0
161	-1.86652	-0.22821	0.520957	0
162	-1.86652	-0.22821	0.520957	0
163	-1.86652	-0.22821	0.520957	0
164	-1.86652	-0.22821	0.520957	0
165	-1.86652	-0.22821	0.520957	0
166	-1.86652	-0.22821	0.520957	0
167	-1.86652	-0.22821	0.520957	0
168	-1.86652	-0.22821	0.520957	0
169	-1.86652	-0.22821	0.520957	0
170	-1.86652	-0.22821	0.520957	0
171	-1.86652	-0.22821	0.520957	0
172	-1.86652	-0.22821	0.520957	0
173	-1.86652	-0.22821	0.520957	0
174	-1.86652	-0.22821	0.520957	0
175	-1.86652	-0.22821	0.520957	0
176	-1.86652	-0.22821	-1.91867	1
177	-1.86652	-0.22821	-1.91867	1
178	-1.86652	-0.22821	-1.91867	1
179	-1.86652	-0.22821	-1.91867	1
180	-1.86652	-0.22821	-1.91867	1
181	-1.86652	-0.22821	-1.91867	1
182	-1.86652	-0.22821	-1.91867	1
183	-1.86652	-0.22821	-1.91867	1
184	-1.86652	-0.22821	-1.91867	1
185	-1.86652	-0.22821	-1.91867	1
186	-1.86652	-0.22821	-1.91867	1
187	-1.86652	-0.22821	-1.91867	1
188	-1.86652	-0.22821	-1.91867	1
189	-1.86652	-0.22821	-1.91867	1
190	-1.86652	-0.22821	-1.91867	1
191	-1.86652	-0.22821	-1.91867	1
192	-1.86652	-0.22821	-1.91867	1
193	-1.86652	-0.22821	-1.91867	1
194	-1.86652	-0.22821	-1.91867	1
195	-1.86652	-0.22821	-1.91867	1
196	-1.86652	-0.22821	-1.91867	1
197	-1.86652	-0.22821	-1.91867	1
198	-1.86652	-0.22821	-1.91867	1
199	-1.86652	-0.22821	-1.91867	1
200	-1.86652	-0.22821	-1.91867	1
201	-1.86652	-0.22821	-1.91867	1
202	-1.86652	-0.22821	-1.91867	1
203	-1.86652	-0.22821	-1.91867	1
204	-1.86652	-0.22821	-1.91867	1
205	-1.86652	-0.22821	-1.91867	1
206	-1.86652	-0.22821	-1.91867	1
207	-1.86652	-0.22821	-1.91867	1
208	-1.86652	-0.22821	-1.91867	1
209	-1.86652	-0.22821	-1.91867	1
210	-1.86652	-0.22821	-1.91867	1
211	-1.86652	-0.22821	-1.91867	1
212	-1.86652	-0.22821	-1.91867	1
213	-1.86652	-0.22821	-1.91867	1
214	-1.86652	-0.22821	-1.91867	1
215	-1.86652	-0.22821	-1.91867	1
216	-1.86652	-0.22821	-1.91867	1
217	-1.86652	-0.22821	-1.91867	1
218	-1.86652	-0.22821	-1.91867	1
219	-1.86652	-0.22821	-1.91867	1
220	-1.86652	-0.22821	-1.91867	1
221	-1.86652	-0.22821	-1.91867	1
222	-1.86652	-0.22821	-1.91867	1
223	-1.86652	-0.22821	-1.91867	1
224	-1.86652	-0.22821	-1.91867	1
225	-1.86652	-0.22821	-1.91867	1
226	-1.86652	-0.22821	-1.91867	1
227	-1.86652	-0.22821	-1.91867	1
228	-1.86652	-0.22821	-1.91867	1
229	-1.86652	-0.22821	-1.91867	1
230	-1.86652	-0.22821	-1.91867	1
231	-1.86652	-0.22821	-1.91867	1
232	-1.86652	-0.22821	-1.91867	1
233	-1.86652	-0.22821	-1.91867	1
234	-1.86652	-0.22821	-1.91867	1
235	-1.86652	-0.22821	-1.91867	1
236	-1.86652	-0.22821	-1.91867	1
237	-1.86652	-0.22821	-1.91867	1
238	-1.86652	-0.22821	-1.91867	1
239	-1.86652	-0.22821	-1.91867	1
240	-1.86652	-0.22821	-1.91867	1
241	-1.86652	-0.22821	-1.91867	1
242	-1.86652	-0.22821	-1.91867	1
243	-1.86652	-0.22821	-1.91867	1
244	-1.86652	-0.22821	-1.91867	1
245	-1.86652	-0.22821	-1.91867	1
246	-1.86652	-0.22821	-1.91867	1
247	-1.86652	-0.22821	-1.91867	1
248	-1.86652	-0.22821	-1.91867	1
249	-1.86652	-0.22821	-1.91867	1
250	-1.86652	-0.22821	-1.91867	1
251	-1.86652	-0.22821	-1.91867	1
252	-1.86652	-0.22821	-1.91867	1
253	-1.86652	-0.22821	-1.91867	1
254	-1.86652	-0.22821	-1.91867	1
255	-1.86652	-0.22821	-1.91867	1
256	-1.86652	-0.22821	-1.91867	1
257	-1.86652	-0.22821	-1.91867	1
258	-1.86652	-0.22821	-1.91867	1
259	-1.86652	-0.22821	-1.91867	1
260	-1.86652	-0.22821	-1.91867	1
261	-1.86652	-0.22821	-1.91867	1
262	-1.86652	-0.22821	-1.91867	1
263	-1.86652	-0.22821	-1.91867	1
264	-1.86652	-0.22821	-1.91867	1
265	-1.86652	-0.22821	-1.91867	1
266	-1.86652	-0.22821	-1.91867	1
267	-1.86652	-0.22821	-1.91867	1
268	-1.86652	-0.22821	-1.91867	1
269	-1.86652	-0.22821	-1.91867	1
270	-1.86652	-0.22821	-1.91867	1
271	-1.86652	-0.22821	-1.91867	1
272	-1.86652	-0.22821	-1.91867	1
273	-1.86652	-0.22821	-1.91867	1
274	-1.86652	-0.22821	-1.91867	1
275	-1.86652	-0.22821	-1.91867	1
276	-1.86652	-0.22821	-1.91867	1
277	-1.86652	-0.22821	-1.91867	1
278	-1.86652	-0.22821	-1.91867	1
279	-1.86652	-0.22821	-1.91867	1
280	-1.86652	-0.22821	-1.91867	1
281	-1.86652	-0.22821	-1.91867	1
282	-1.86652	-0.22821	-1.91867	1
283	-1.86652	-0.22821	-1.91867	1
284	-1.86652	-0.22821	-1.91867	1
285	-1.86652	-0.22821	-1.91867	1
286	-1.86652	-0.22821	-1.91867	1
287	-1.86652	-0.22821	-1.91867	1
288	-1.86652	-0.22821	-1.91867	1
289	-1.86652	-0.22821	-1.91867	1
290	-1.86652	-0.22821	-1.91867	1
291	-1.86652	-0.22821	-1.91867	1
292	-1.86652	-0.22821	-1.91867	1
293	-1.86652	-0.22821	-1.91867	1
294	-1.86652	-0.22821	-1.91867	1
295	-1.86652	-0.22821	-1.91867	1
296	-1.86652	-0.22821	-1.91867	1
297	-1.86652	-0.22821	-1.91867	1
298	-1.86652	-0.22821	-1.91867	1
299	-1.86652	-0.22821	-1.91867	1
300	-1.86652	-0.22821	-1.91867	1
301	-1.86652	-0.22821	-1.91867	1
302	-1.86652	-0.22821	-1.91867	1
303	-1.86652	-0.22821	-1.91867	1
304	-1.86652	-0.22821	-1.91867	1
305	-1.86652	-0.22821	-1.91867	1
306	-1.86652	-0.22821	-1.91867	1
307	-1.86652	-0.22821	-1.91867	1
308	-1.86652	-0.22821	-1.91867	1
309	-1.86652	-0.22821	-1.91867	1
310	-1.86652	-0.22821	-1.91867	1
311	-1.86652	-0.22821	-1.91867	1
312	-1.86652	-0.22821	-1.91867	1
313	-1.86652	-0.22821	-1.91867	1
314	-1.86652	-0.22821	-1.91867	1
315	-1.86652	-0.22821	-1.91867	1
316	-1.86652	-0.22821	-1.91867	0
317	-1.86652	-0.22821	-1.91867	0
318	-1.86652	-0.22821	-1.91867	0
319	-1.86652	-0.22821	-1.91867	0
320	-1.86652	4.37995	0.520957	1
321	-1.86652	4.37995	0.520957	1
322	-1.86652	4.37995	0.520957	1
323	-1.86652	4.37995	0.520957	1
324	-1.86652	4.37995	0.520957	1
325	-1.86652	4.37995	-1.91867	1
326	-0.922536	-0.22821	0.520957	1
327	-0.922536	-0.22821	0.520957	1
328	-0.922536	-0.22821	0.520957	1
329	-0.922536	-0.22821	0.520957	1
330	-0.922536	-0.22821	0.520957	1
331	-0.922536	-0.22821	0.520957	1
332	-0.922536	-0.22821	0.520957	1
333	-0.922536	-0.22821	0.520957	1
334	-0.922536	-0.22821	0.520957	1
335	-0.922536	-0.22821	0.520957	1
336	-0.922536	-0.22821	0.520957	1
337	-0.922536	-0.22821	0.520957	1
338	-0.922536	-0.22821	0.520957	1
339	-0.922536	-0.22821	0.520957	1
340	-0.922536	-0.22821	0.520957	0
341	-0.922536	-0.22821	0.520957	0
342	-0.922536	-0.22821	0.520957	0
343	-0.922536	-0.22821	0.520957	0
344	-0.922536	-0.22821	0.520957	0
345	-0.922536	-0.22821	0.520957	0
346	-0.922536	-0.22821	0.520957	0
347	-0.922536	-0.22821	0.520957	0
348	-0.922536	-0.22821	0.520957	0
349	-0.922536	-0.22821	0.520957	0
350	-0.922536	-0.22821	0.520957	0
351	-0.922536	-0.22821	0.520957	0
352	-0.922536	-0.22821	0.520957	0
353	-0.922536	-0.22821	0.520957	0
354	-0.922536	-0.22821	0.520957	0
355	-0.922536	-0.22821	0.520957	0
356	-0.922536	-0.22821	0.520957	0
357	-0.922536	-0.22821	0.520957	0
358	-0.922536	-0.22821	0.520957	0
359	-0.922536	-0.22821	0.520957	0
360	-0.922536	-0.22821	0.520957	0
361	-0.922536	-0.22821	0.520957	0
362	-0.922536	-0.22821	0.520957	0
363	-0.922536	-0.22821	0.520957	0
364	-0.922536	-0.22821	0.520957	0
365	-0.922536	-0.22821	0.520957	0
366	-0.922536	-0.22821	0.520957	0
367	-0.922536	-0.22821	0.520957	0
368	-0.922536	-0.22821	0.520957	0
369	-0.922536	-0.22821	0.520957	0
370	-0.922536	-0.22821	0.520957	0
371	-0.922536	-0.22821	0.520957	0
372	-0.922536	-0.22821	0.520957	0
373	-0.922536	-0.22821	0.520957	0
374	-0.922536	-0.22821	0.520957	0
375	-0.922536	-0.22821	0.520957	0
376	-0.922536	-0.22821	0.520957	0
377	-0.922536	-0.22821	0.520957	0
378	-0.922536	-0.22821	0.520957	0
379	-0.922536	-0.22821	0.520957	0
380	-0.922536	-0.22821	0.520957	0
381	-0.922536	-0.22821	0.520957	0
382	-0.922536	-0.22821	0.520957	0
383	-0.922536	-0.22821	0.520957	0
384	-0.922536	-0.22821	0.520957	0
385	-0.922536	-0.22821	0.520957	0
386	-0.922536	-0.22821	0.520957	0
387	-0.922536	-0.22821	0.520957	0
388	-0.922536	-0.22821	0.520957	0
389	-0.922536	-0.22821	0.520957	0
390	-0.922536	-0.22821	0.520957	0
391	-0.922536	-0.22821	0.520957	0
392	-0.922536	-0.22821	0.520957	0
393	-0.922536	-0.22821	0.520957	0
394	-0.922536	-0.22821	0.520957	0
395	-0.922536	-0.22821	0.520957	0
396	-0.922536	-0.22821	0.520957	0
397	-0.922536	-0.22821	0.520957	0
398	-0.922536	-0.22821	0.520957	0
399	-0.922536	-0.22821	0.520957	0
400	-0.922536	-0.22821	0.520957	0
401	-0.922536	-0.22821	0.520957	0
402	-0.922536	-0.22821	0.520957	0
403	-0.922536	-0.22821	0.520957	0
404	-0.922536	-0.22821	0.520957	0
405	-0.922536	-0.22821	0.520957	0
406	-0.922536	-0.22821	0.520957	0
407	-0.922536	-0.22821	0.520957	0
408	-0.922536	-0.22821	0.520957	0
409	-0.922536	-0.22821	0.520957	0
410	-0.922536	-0.22821	0.520957	0
411	-0.922536	-0.22821	0.520957	0
412	-0.922536	-0.22821	0.520957	0
413	-0.922536	-0.22821	0.520957	0
414	-0.922536	-0.22821	0.520957	0
415	-0.922536	-0.22821	0.520957	0
416	-0.922536	-0.22821	0.520957	0
417	-0.922536	-0.22821	0.520957	0
418	-0.922536	-0.22821	0.520957	0
419	-0.922536	-0.22821	0.520957	0
420	-0.922536	-0.22821	0.520957	0
421	-0.922536	-0.22821	0.520957	0
422	-0.922536	-0.22821	0.520957	0
423	-0.922536	-0.22821	0.520957	0
424	-0.922536	-0.22821	0.520957	0
425	-0.922536	-0.22821	0.520957	0
426	-0.922536	-0.22821	0.520957	0
427	-0.922536	-0.22821	0.520957	0
428	-0.922536	-0.22821	0.520957	0
429	-0.922536	-0.22821	0.520957	0
430	-0.922536	-0.22821	0.520957	0
431	-0.922536	-0.22821	0.520957	0
432	-0.922536	-0.22821	0.520957	0
433	-0.922536	-0.22821	0.520957	0
434	-0.922536	-0.22821	0.520957	0
435	-0.922536	-0.22821	0.520957	0
436	-0.922536	-0.22821	0.520957	0
437	-0.922536	-0.22821	0.520957	0
438	-0.922536	-0.22821	0.520957	0
439	-0.922536	-0.22821	0.520957	0
440	-0.922536	-0.22821	0.520957	0
441	-0.922536	-0.22821	0.520957	0
442	-0.922536	-0.22821	0.520957	0
443	-0.922536	-0.22821	0.520957	0
444	-0.922536	-0.22821	0.520957	0
445	-0.922536	-0.22821	0.520957	0
446	-0.922536	-0.22821	0.520957	0
447	-0.922536	-0.22821	0.520957	0
448	-0.922536	-0.22821	0.520957	0
449	-0.922536	-0.22821	0.520957	0
450	-0.922536	-0.22821	0.520957	0
451	-0.922536	-0.22821	0.520957	0
452	-0.922536	-0.22821	0.520957	0
453	-0.922536	-0.22821	0.520957	0
454	-0.922536	-0.22821	0.520957	0
455	-0.922536	-0.22821	0.520957	0
456	-0.922536	-0.22821	0.520957	0
457	-0.922536	-0.22821	0.520957	0
458	-0.922536	-0.22821	0.520957	0
459	-0.922536	-0.22821	0.520957	0
460	-0.922536	-0.22821	0.520957	0
461	-0.922536	-0.22821	0.520957	0
462	-0.922536	-0.22821	0.520957	0
463	-0.922536	-0.22821	0.520957	0
464	-0.922536	-0.22821	0.520957	0
465	-0.922536	-0.22821	0.520957	0
466	-0.922536	-0.22821	0.520957	0
467	-0.922536	-0.22821	0.520957	0
468	-0.922536	-0.22821	0.520957	0
469	-0.922536	-0.22821	0.520957	0
470	-0.922536	-0.22821	0.520957	0
471	-0.922536	-0.22821	0.520957	0
472	-0.922536	-0.22821	0.520957	0
473	-0.922536	-0.22821	0.520957	0
474	-0.922536	-0.22821	0.520957	0
475	-0.922536	-0.22821	0.520957	0
476	-0.922536	-0.22821	0.520957	0
477	-0.922536	-0.22821	0.520957	0
478	-0.922536	-0.22821	0.520957	0
479	-0.922536	-0.22821	0.520957	0
480	-0.922536	-0.22821	0.520957	0
481	-0.922536	-0.22821	0.520957	0
482	-0.922536	-0.22821	0.520957	0
483	-0.922536	-0.22821	0.520957	0
484	-0.922536	-0.22821	0.520957	0
485	-0.922536	-0.22821	0.520957	0
486	-0.922536	-0.22821	0.520957	0
487	-0.922536	-0.22821	0.520957	0
488	-0.922536	-0.22821	0.520957	0
489	-0.922536	-0.22821	0.520957	0
490	-0.922536	-0.22821	0.520957	0
491	-0.922536	-0.22821	0.520957	0
492	-0.922536	-0.22821	0.520957	0
493	-0.922536	-0.22821	0.520957	0
494	-0.922536	-0.22821	-1.91867	1
495	-0.922536	-0.22821	-1.91867	1
496	-0.922536	-0.22821	-1.91867	1
497	-0.922536	-0.22821	-1.91867	1
498	-0.922536	-0.22821	-1.91867	1
499	-0.922536	-0.22821	-1.91867	1
500	-0.922536	-0.22821	-1.91867	1
501	-0.922536	-0.22821	-1.91867	1
502	-0.922536	-0.22821	-1.91867	1
503	-0.922536	-0.22821	-1.91867	1
504	-0.922536	-0.22821	-1.91867	1
505	-0.922536	-0.22821	-1.91867	1
506	-0.922536	-0.22821	-1.91867	1
507	-0.922536	-0.22821	-1.91867	1
508	-0.922536	-0.22821	-1.91867	1
509	-0.922536	-0.22821	-1.91867	1
510	-0.922536	-0.22821	-1.91867	1
511	-0.922536	-0.22821	-1.91867	1
512	-0.922536	-0.22821	-1.91867	1
513	-0.922536	-0.22821	-1.91867	1
514	-0.922536	-0.22821	-1.91867	1
515	-0.922536	-0.22821	-1.91867	1
516	-0.922536	-0.22821	-1.91867	1
517	-0.922536	-0.22821	-1.91867	1
518	-0.922536	-0.22821	-1.91867	1
519	-0.922536	-0.22821	-1.91867	1
520	-0.922536	-0.22821	-1.91867	1
521	-0.922536	-0.22821	-1.91867	1
522	-0.922536	-0.22821	-1.91867	1
523	-0.922536	-0.22821	-1.91867	1
524	-0.922536	-0.22821	-1.91867	1
525	-0.922536	-0.22821	-1.91867	1
526	-0.922536	-0.22821	-1.91867	1
527	-0.922536	-0.22821	-1.91867	1
528	-0.922536	-0.22821	-1.91867	1
529	-0.922536	-0.22821	-1.91867	1
530	-0.922536	-0.22821	-1.91867	1
531	-0.922536	-0.22821	-1.91867	1
532	-0.922536	-0.22821	-1.91867	1
533	-0.922536	-0.22821	-1.91867	1
534	-0.922536	-0.22821	-1.91867	1
535	-0.922536	-0.22821	-1.91867	1
536	-0.922536	-0.22821	-1.91867	1
537	-0.922536	-0.22821	-1.91867	1
538	-0.922536	-0.22821	-1.91867	1
539	-0.922536	-0.22821	-1.91867	1
540	-0.922536	-0.22821	-1.91867	1
541	-0.922536	-0.22821	-1.91867	1
542	-0.922536	-0.22821	-1.91867	1
543	-0.922536	-0.22821	-1.91867	1
544	-0.922536	-0.22821	-1.91867	1
545	-0.922536	-0.22821	-1.91867	1
546	-0.922536	-0.22821	-1.91867	1
547	-0.922536	-0.22821	-1.91867	1
548	-0.922536	-0.22821	-1.91867	1
549	-0.922536	-0.22821	-1.91867	1
550	-0.922536	-0.22821	-1.91867	1
551	-0.922536	-0.22821	-1.91867	1
552	-0.922536	-0.22821	-1.91867	1
553	-0.922536	-0.22821	-1.91867	1
554	-0.922536	-0.22821	-1.91867	1
555	-0.922536	-0.22821	-1.91867	1
556	-0.922536	-0.22821	-1.91867	1
557	-0.922536	-0.22821	-1.91867	1
558	-0.922536	-0.22821	-1.91867	1
559	-0.922536	-0.22821	-1.91867	1
560	-0.922536	-0.22821	-1.91867	1
561	-0.922536	-0.22821	-1.91867	1
562	-0.922536	-0.22821	-1.91867	1
563	-0.922536	-0.22821	-1.91867	1
564	-0.922536	-0.22821	-1.91867	1
565	-0.922536	-0.22821	-1.91867	1
566	-0.922536	-0.22821	-1.91867	1
567	-0.922536	-0.22821	-1.91867	1
568	-0.922536	-0.22821	-1.91867	1
569	-0.922536	-0.22821	-1.91867	1
570	-0.922536	-0.22821	-1.91867	1
571	-0.922536	-0.22821	-1.91867	1
572	-0.922536	-0.22821	-1.91867	1
573	-0.922536	-0.22821	-1.91867	1
574	-0.922536	-0.22821	-1.91867	0
575	-0.922536	-0.22821	-1.91867	0
576	-0.922536	-0.22821	-1.91867	0
577	-0.922536	-0.22821	-1.91867	0
578	-0.922536	-0.22821	-1.91867	0
579	-0.922536	-0.22821	-1.91867	0
580	-0.922536	-0.22821	-1.91867	0
581	-0.922536	-0.22821	-1.91867	0
582	-0.922536	-0.22821	-1.91867	0
583	-0.922536	-0.22821	-1.91867	0
584	-0.922536	-0.22821	-1.91867	0
585	-0.922536	-0.22821	-1.91867	0
586	-0.922536	-0.22821	-1.91867	0
587	-0.922536	4.37995	0.520957	1
588	-0.922536	4.37995	0.520957	1
589	-0.922536	4.37995	0.520957	1
590	-0.922536	4.37995	0.520957	1
591	-0.922536	4.37995	0.520957	1
592	-0.922536	4.37995	0.520957	1
593	-0.922536	4.37995	0.520957	1
594	-0.922536	4.37995	0.520957	1
595	-0.922536	4.37995	0.520957	1
596	-0.922536	4.37995	0.520957	1
597	-0.922536	4.37995	0.520957	1
598	-0.922536	4.37995	-1.91867	1
599	-0.922536	4.37995	-1.91867	1
600	-0.922536	4.37995	-1.91867	1
601	-0.922536	4.37995	-1.91867	1
602	-0.922536	4.37995	-1.91867	1
603	-0.922536	4.37995	-1.91867	1
604	-0.922536	4.37995	-1.91867	1
605	-0.922536	4.37995	-1.91867	1
606	-0.922536	4.37995	-1.91867	1
607	-0.922536	4.37995	-1.91867	1
608	-0.922536	4.37995	-1.91867	1
609	-0.922536	4.37995	-1.91867	1
610	-0.922536	4.37995	-1.91867	1
611	0.0214443	-0.22821	0.520957	1
612	0.0214443	-0.22821	0.520957	1
613	0.0214443	-0.22821	0.520957	1
614	0.0214443	-0.22821	0.520957	1
615	0.0214443	-0.22821	0.520957	1
616	0.0214443	-0.22821	0.520957	1
617	0.0214443	-0.22821	0.520957	1
618	0.0214443	-0.22821	0.520957	1
619	0.0214443	-0.22821	0.520957	1
620	0.0214443	-0.22821	0.520957	1
621	0.0214443	-0.22821	0.520957	1
622	0.0214443	-0.22821	0.520957	1
623	0.0214443	-0.22821	0.520957	1
624	0.0214443	-0.22821	0.520957	1
625	0.0214443	-0.22821	0.520957	1
626	0.0214443	-0.22821	0.520957	1
627	0.0214443	-0.22821	0.520957	1
628	0.0214443	-0.22821	0.520957	1
629	0.0214443	-0.22821	0.520957	1
630	0.0214443	-0.22821	0.520957	1
631	0.0214443	-0.22821	0.520957	1
632	0.0214443	-0.22821	0.520957	1
633	0.0214443	-0.22821	0.520957	1
634	0.0214443	-0.22821	0.520957	1
635	0.0214443	-0.22821	0.520957	1
636	0.0214443	-0.22821	0.520957	1
637	0.0214443	-0.22821	0.520957	1
638	0.0214443	-0.22821	0.520957	1
639	0.0214443	-0.22821	0.520957	1
640	0.0214443	-0.22821	0.520957	1
641	0.0214443	-0.22821	0.520957	1
642	0.0214443	-0.22821	0.520957	1
643	0.0214443	-0.22821	0.520957	1
644	0.0214443	-0.22821	0.520957	1
645	0.0214443	-0.22821	0.520957	1
646	0.0214443	-0.22821	0.520957	1
647	0.0214443	-0.22821	0.520957	1
648	0.0214443	-0.22821	0.520957	1
649	0.0214443	-0.22821	0.520957	1
650	0.0214443	-0.22821	0.520957	1
651	0.0214443	-0.22821	0.520957	1
652	0.0214443	-0.22821	0.520957	1
653	0.0214443	-0.22821	0.520957	1
654	0.0214443	-0.22821	0.520957	1
655	0.0214443	-0.22821	0.520957	1
656	0.0214443	-0.22821	0.520957	1
657	0.0214443	-0.22821	0.520957	1
658	0.0214443	-0.22821	0.520957	1
659	0.0214443	-0.22821	0.520957	1
660	0.0214443	-0.22821	0.520957	1
661	0.0214443	-0.22821	0.520957	1
662	0.0214443	-0.22821	0.520957	1
663	0.0214443	-0.22821	0.520957	1
664	0.0214443	-0.22821	0.520957	1
665	0.0214443	-0.22821	0.520957	1
666	0.0214443	-0.22821	0.520957	1
667	0.0214443	-0.22821	0.520957	1
668	0.0214443	-0.22821	0.520957	1
669	0.0214443	-0.22821	0.520957	1
670	0.0214443	-0.22821	0.520957	1
671	0.0214443	-0.22821	0.520957	1
672	0.0214443	-0.22821	0.520957	1
673	0.0214443	-0.22821	0.520957	1
674	0.0214443	-0.22821	0.520957	1
675	0.0214443	-0.22821	0.520957	1
676	0.0214443	-0.22821	0.520957	1
677	0.0214443	-0.22821	0.520957	1
678	0.0214443	-0.22821	0.520957	1
679	0.0214443	-0.22821	0.520957	1
680	0.0214443	-0.22821	0.520957	1
681	0.0214443	-0.22821	0.520957	1
682	0.0214443	-0.22821	0.520957	1
683	0.0214443	-0.22821	0.520957	1
684	0.0214443	-0.22821	0.520957	1
685	0.0214443	-0.22821	0.520957	1
686	0.0214443	-0.22821	0.520957	0
687	0.0214443	-0.22821	0.520957	0
688	0.0214443	-0.22821	0.520957	0
689	0.0214443	-0.22821	0.520957	0
690	0.0214443	-0.22821	0.520957	0
691	0.0214443	-0.22821	0.520957	0
692	0.0214443	-0.22821	0.520957	0
693	0.0214443	-0.22821	0.520957	0
694	0.0214443	-0.22821	0.520957	0
695	0.0214443	-0.22821	0.520957	0
696	0.0214443	-0.22821	0.520957	0
697	0.0214443	-0.22821	0.520957	0
698	0.0214443	-0.22821	0.520957	0
699	0.0214443	-0.22821	0.520957	0
700	0.0214443	-0.22821	0.520957	0
701	0.0214443	-0.22821	0.520957	0
702	0.0214443	-0.22821	0.520957	0
703	0.0214443	-0.22821	0.520957	0
704	0.0214443	-0.22821	0.520957	0
705	0.0214443	-0.22821	0.520957	0
706	0.0214443	-0.22821	0.520957	0
707	0.0214443	-0.22821	0.520957	0
708	0.0214443	-0.22821	0.520957	0
709	0.0214443	-0.22821	0.520957	0
710	0.0214443	-0.22821	0.520957	0
711	0.0214443	-0.22821	0.520957	0
712	0.0214443	-0.22821	0.520957	0
713	0.0214443	-0.22821	0.520957	0
714	0.0214443	-0.22821	0.520957	0
715	0.0214443	-0.22821	0.520957	0
716	0.0214443	-0.22821	0.520957	0
717	0.0214443	-0.22821	0.520957	0
718	0.0214443	-0.22821	0.520957	0
719	0.0214443	-0.22821	0.520957	0
720	0.0214443	-0.22821	0.520957	0
721	0.0214443	-0.22821	0.520957	0
722	0.0214443	-0.22821	0.520957	0
723	0.0214443	-0.22821	0.520957	0
724	0.0214443	-0.22821	0.520957	0
725	0.0214443	-0.22821	0.520957	0
726	0.0214443	-0.22821	0.520957	0
727	0.0214443	-0.22821	0.520957	0
728	0.0214443	-0.22821	0.520957	0
729	0.0214443	-0.22821	0.520957	0
730	0.0214443	-0.22821	0.520957	0
731	0.0214443	-0.22821	0.520957	0
732	0.0214443	-0.22821	0.520957	0
733	0.0214443	-0.22821	0.520957	0
734	0.0214443	-0.22821	0.520957	0
735	0.0214443	-0.22821	0.520957	0
736	0.0214443	-0.22821	0.520957	0
737	0.0214443	-0.22821	0.520957	0
738	0.0214443	-0.22821	0.520957	0
739	0.0214443	-0.22821	0.520957	0
740	0.0214443	-0.22821	0.520957	0
741	0.0214443	-0.22821	0.520957	0
742	0.0214443	-0.22821	0.520957	0
743	0.0214443	-0.22821	0.520957	0
744	0.0214443	-0.22821	0.520957	0
745	0.0214443	-0.22821	0.520957	0
746	0.0214443	-0.22821	0.520957	0
747	0.0214443	-0.22821	0.520957	0
748	0.0214443	-0.22821	0.520957	0
749	0.0214443	-0.22821	0.520957	0
750	0.0214443	-0.22821	0.520957	0
751	0.0214443	-0.22821	0.520957	0
752	0.0214443	-0.22821	0.520957	0
753	0.0214443	-0.22821	0.520957	0
754	0.0214443	-0.22821	0.520957	0
755	0.0214443	-0.22821	0.520957	0
756	0.0214443	-0.22821	0.520957	0
757	0.0214443	-0.22821	0.520957	0
758	0.0214443	-0.22821	0.520957	0
759	0.0214443	-0.22821	0.520957	0
760	0.0214443	-0.22821	0.520957	0
761	0.0214443	-0.22821	0.520957	0
762	0.0214443	-0.22821	0.520957	0
763	0.0214443	-0.22821	0.520957	0
764	0.0214443	-0.22821	0.520957	0
765	0.0214443	-0.22821	0.520957	0
766	0.0214443	-0.22821	0.520957	0
767	0.0214443	-0.22821	0.520957	0
768	0.0214443	-0.22821	0.520957	0
769	0.0214443	-0.22821	0.520957	0
770	0.0214443	-0.22821	0.520957	0
771	0.0214443	-0.22821	0.520957	0
772	0.0214443	-0.22821	0.520957	0
773	0.0214443	-0.22821	0.520957	0
774	0.0214443	-0.22821	0.520957	0
775	0.0214443	-0.22821	0.520957	0
776	0.0214443	-0.22821	0.520957	0
777	0.0214443	-0.22821	0.520957	0
778	0.0214443	-0.22821	0.520957	0
779	0.0214443	-0.22821	0.520957	0
780	0.0214443	-0.22821	0.520957	0
781	0.0214443	-0.22821	0.520957	0
782	0.0214443	-0.22821	0.520957	0
783	0.0214443	-0.22821	0.520957	0
784	0.0214443	-0.22821	0.520957	0
785	0.0214443	-0.22821	0.520957	0
786	0.0214443	-0.22821	0.520957	0
787	0.0214443	-0.22821	0.520957	0
788	0.0214443	-0.22821	0.520957	0
789	0.0214443	-0.22821	0.520957	0
790	0.0214443	-0.22821	0.520957	0
791	0.0214443	-0.22821	0.520957	0
792	0.0214443	-0.22821	0.520957	0
793	0.0214443	-0.22821	0.520957	0
794	0.0214443	-0.22821	0.520957	0
795	0.0214443	-0.22821	0.520957	0
796	0.0214443	-0.22821	0.520957	0
797	0.0214443	-0.22821	0.520957	0
798	0.0214443	-0.22821	0.520957	0
799	0.0214443	-0.22821	0.520957	0
800	0.0214443	-0.22821	0.520957	0
801	0.0214443	-0.22821	0.520957	0
802	0.0214443	-0.22821	0.520957	0
803	0.0214443	-0.22821	0.520957	0
804	0.0214443	-0.22821	0.520957	0
805	0.0214443	-0.22821	0.520957	0
806	0.0214443	-0.22821	0.520957	0
807	0.0214443	-0.22821	0.520957	0
808	0.0214443	-0.22821	0.520957	0
809	0.0214443	-0.22821	0.520957	0
810	0.0214443	-0.22821	0.520957	0
811	0.0214443	-0.22821	0.520957	0
812	0.0214443	-0.22821	0.520957	0
813	0.0214443	-0.22821	0.520957	0
814	0.0214443	-0.22821	0.520957	0
815	0.0214443	-0.22821	0.520957	0
816	0.0214443	-0.22821	0.520957	0
817	0.0214443	-0.22821	0.520957	0
818	0.0214443	-0.22821	0.520957	0
819	0.0214443	-0.22821	0.520957	0
820	0.0214443	-0.22821	0.520957	0
821	0.0214443	-0.22821	0.520957	0
822	0.0214443	-0.22821	0.520957	0
823	0.0214443	-0.22821	0.520957	0
824	0.0214443	-0.22821	0.520957	0
825	0.0214443	-0.22821	0.520957	0
826	0.0214443	-0.22821	0.520957	0
827	0.0214443	-0.22821	0.520957	0
828	0.0214443	-0.22821	0.520957	0
829	0.0214443	-0.22821	0.520957	0
830	0.0214443	-0.22821	0.520957	0
831	0.0214443	-0.22821	0.520957	0
832	0.0214443	-0.22821	0.520957	0
833	0.0214443	-0.22821	0.520957	0
834	0.0214443	-0.22821	0.520957	0
835	0.0214443	-0.22821	0.520957	0
836	0.0214443	-0.22821	0.520957	0
837	0.0214443	-0.22821	0.520957	0
838	0.0214443	-0.22821	0.520957	0
839	0.0214443	-0.22821	0.520957	0
840	0.0214443	-0.22821	0.520957	0
841	0.0214443	-0.22821	0.520957	0
842	0.0214443	-0.22821	0.520957	0
843	0.0214443	-0.22821	0.520957	0
844	0.0214443	-0.22821	0.520957	0
845	0.0214443	-0.22821	0.520957	0
846	0.0214443	-0.22821	0.520957	0
847	0.0214443	-0.22821	0.520957	0
848	0.0214443	-0.22821	0.520957	0
849	0.0214443	-0.22821	0.520957	0
850	0.0214443	-0.22821	0.520957	0
851	0.0214443	-0.22821	0.520957	0
852	0.0214443	-0.22821	0.520957	0
853	0.0214443	-0.22821	0.520957	0
854	0.0214443	-0.22821	0.520957	0
855	0.0214443	-0.22821	0.520957	0
856	0.0214443	-0.22821	0.520957	0
857	0.0214443	-0.22821	0.520957	0
858	0.0214443	-0.22821	0.520957	0
859	0.0214443	-0.22821	0.520957	0
860	0.0214443	-0.22821	0.520957	0
861	0.0214443	-0.22821	0.520957	0
862	0.0214443	-0.22821	0.520957	0
863	0.0214443	-0.22821	0.520957	0
864	0.0214443	-0.22821	0.520957	0
865	0.0214443	-0.22821	0.520957	0
866	0.0214443	-0.22821	0.520957	0
867	0.0214443	-0.22821	0.520957	0
868	0.0214443	-0.22821	0.520957	0
869	0.0214443	-0.22821	0.520957	0
870	0.0214443	-0.22821	0.520957	0
871	0.0214443	-0.22821	0.520957	0
872	0.0214443	-0.22821	0.520957	0
873	0.0214443	-0.22821	0.520957	0
874	0.0214443	-0.22821	0.520957	0
875	0.0214443	-0.22821	0.520957	0
876	0.0214443	-0.22821	0.520957	0
877	0.0214443	-0.22821	0.520957	0
878	0.0214443	-0.22821	0.520957	0
879	0.0214443	-0.22821	0.520957	0
880	0.0214443	-0.22821	0.520957	0
881	0.0214443	-0.22821	0.520957	0
882	0.0214443	-0.22821	0.520957	0
883	0.0214443	-0.22821	0.520957	0
884	0.0214443	-0.22821	0.520957	0
885	0.0214443	-0.22821	0.520957	0
886	0.0214443	-0.22821	0.520957	0
887	0.0214443	-0.22821	0.520957	0
888	0.0214443	-0.22821	0.520957	0
889	0.0214443	-0.22821	0.520957	0
890	0.0214443	-0.22821	0.520957	0
891	0.0214443	-0.22821	0.520957	0
892	0.0214443	-0.22821	0.520957	0
893	0.0214443	-0.22821	0.520957	0
894	0.0214443	-0.22821	0.520957	0
895	0.0214443	-0.22821	0.520957	0
896	0.0214443	-0.22821	0.520957	0
897	0.0214443	-0.22821	0.520957	0
898	0.0214443	-0.22821	0.520957	0
899	0.0214443	-0.22821	0.520957	0
900	0.0214443	-0.22821	0.520957	0
901	0.0214443	-0.22821	0.520957	0
902	0.0214443	-0.22821	0.520957	0
903	0.0214443	-0.22821	0.520957	0
904	0.0214443	-0.22821	0.520957	0
905	0.0214443	-0.22821	0.520957	0
906	0.0214443	-0.22821	0.520957	0
907	0.0214443	-0.22821	0.520957	0
908	0.0214443	-0.22821	0.520957	0
909	0.0214443	-0.22821	0.520957	0
910	0.0214443	-0.22821	0.520957	0
911	0.0214443	-0.22821	0.520957	0
912	0.0214443	-0.22821	0.520957	0
913	0.0214443	-0.22821	0.520957	0
914	0.0214443	-0.22821	0.520957	0
915	0.0214443	-0.22821	0.520957	0
916	0.0214443	-0.22821	0.520957	0
917	0.0214443	-0.22821	0.520957	0
918	0.0214443	-0.22821	0.520957	0
919	0.0214443	-0.22821	0.520957	0
920	0.0214443	-0.22821	0.520957	0
921	0.0214443	-0.22821	0.520957	0
922	0.0214443	-0.22821	0.520957	0
923	0.0214443	-0.22821	0.520957	0
924	0.0214443	-0.22821	0.520957	0
925	0.0214443	-0.22821	0.520957	0
926	0.0214443	-0.22821	0.520957	0
927	0.0214443	-0.22821	0.520957	0
928	0.0214443	-0.22821	0.520957	0
929	0.0214443	-0.22821	0.520957	0
930	0.0214443	-0.22821	0.520957	0
931	0.0214443	-0.22821	0.520957	0
932	0.0214443	-0.22821	0.520957	0
933	0.0214443	-0.22821	0.520957	0
934	0.0214443	-0.22821	0.520957	0
935	0.0214443	-0.22821	0.520957	0
936	0.0214443	-0.22821	0.520957	0
937	0.0214443	-0.22821	0.520957	0
938	0.0214443	-0.22821	0.520957	0
939	0.0214443	-0.22821	0.520957	0
940	0.0214443	-0.22821	0.520957	0
941	0.0214443	-0.22821	0.520957	0
942	0.0214443	-0.22821	0.520957	0
943	0.0214443	-0.22821	0.520957	0
944	0.0214443	-0.22821	0.520957	0
945	0.0214443	-0.22821	0.520957	0
946	0.0214443	-0.22821	0.520957	0
947	0.0214443	-0.22821	0.520957	0
948	0.0214443	-0.22821	0.520957	0
949	0.0214443	-0.22821	0.520957	0
950	0.0214443	-0.22821	0.520957	0
951	0.0214443	-0.22821	0.520957	0
952	0.0214443	-0.22821	0.520957	0
953	0.0214443	-0.22821	0.520957	0
954	0.0214443	-0.22821	0.520957	0
955	0.0214443	-0.22821	0.520957	0
956	0.0214443	-0.22821	0.520957	0
957	0.0214443	-0.22821	0.520957	0
958	0.0214443	-0.22821	0.520957	0
959	0.0214443	-0.22821	0.520957	0
960	0.0214443	-0.22821	0.520957	0
961	0.0214443	-0.22821	0.520957	0
962	0.0214443	-0.22821	0.520957	0
963	0.0214443	-0.22821	0.520957	0
964	0.0214443	-0.22821	0.520957	0
965	0.0214443	-0.22821	0.520957	0
966	0.0214443	-0.22821	0.520957	0
967	0.0214443	-0.22821	0.520957	0
968	0.0214443	-0.22821	0.520957	0
969	0.0214443	-0.22821	0.520957	0
970	0.0214443	-0.22821	0.520957	0
971	0.0214443	-0.22821	0.520957	0
972	0.0214443	-0.22821	0.520957	0
973	0.0214443	-0.22821	0.520957	0
974	0.0214443	-0.22821	0.520957	0
975	0.0214443	-0.22821	0.520957	0
976	0.0214443	-0.22821	0.520957	0
977	0.0214443	-0.22821	0.520957	0
978	0.0214443	-0.22821	0.520957	0
979	0.0214443	-0.22821	0.520957	0
980	0.0214443	-0.22821	0.520957	0
981	0.0214443	-0.22821	0.520957	0
982	0.0214443	-0.22821	0.520957	0
983	0.0214443	-0.22821	0.520957	0
984	0.0214443	-0.22821	0.520957	0
985	0.0214443	-0.22821	0.520957	0
986	0.0214443	-0.22821	0.520957	0
987	0.0214443	-0.22821	0.520957	0
988	0.0214443	-0.22821	0.520957	0
989	0.0214443	-0.22821	0.520957	0
990	0.0214443	-0.22821	0.520957	0
991	0.0214443	-0.22821	0.520957	0
992	0.0214443	-0.22821	0.520957	0
993	0.0214443	-0.22821	0.520957	0
994	0.0214443	-0.22821	0.520957	0
995	0.0214443	-0.22821	0.520957	0
996	0.0214443	-0.22821	0.520957	0
997	0.0214443	-0.22821	0.520957	0
998	0.0214443	-0.22821	0.520957	0
999	0.0214443	-0.22821	0.520957	0
1000	0.0214443	-0.22821	0.520957	0
1001	0.0214443	-0.22821	0.520957	0
1002	0.0214443	-0.22821	0.520957	0
1003	0.0214443	-0.22821	0.520957	0
1004	0.0214443	-0.22821	0.520957	0
1005	0.0214443	-0.22821	0.520957	0
1006	0.0214443	-0.22821	0.520957	0
1007	0.0214443	-0.22821	0.520957	0
1008	0.0214443	-0.22821	0.520957	0
1009	0.0214443	-0.22821	0.520957	0
1010	0.0214443	-0.22821	0.520957	0
1011	0.0214443	-0.22821	0.520957	0
1012	0.0214443	-0.22821	0.520957	0
1013	0.0214443	-0.22821	0.520957	0
1014	0.0214443	-0.22821	0.520957	0
1015	0.0214443	-0.22821	0.520957	0
1016	0.0214443	-0.22821	0.520957	0
1017	0.0214443	-0.22821	0.520957	0
1018	0.0214443	-0.22821	0.520957	0
1019	0.0214443	-0.22821	0.520957	0
1020	0.0214443	-0.22821	0.520957	0
1021	0.0214443	-0.22821	0.520957	0
1022	0.0214443	-0.22821	0.520957	0
1023	0.0214443	-0.22821	0.520957	0
1024	0.0214443	-0.22821	0.520957	0
1025	0.0214443	-0.22821	0.520957	0
1026	0.0214443	-0.22821	0.520957	0
1027	0.0214443	-0.22821	0.520957	0
1028	0.0214443	-0.22821	0.520957	0
1029	0.0214443	-0.22821	0.520957	0
1030	0.0214443	-0.22821	0.520957	0
1031	0.0214443	-0.22821	0.520957	0
1032	0.0214443	-0.22821	0.520957	0
1033	0.0214443	-0.22821	0.520957	0
1034	0.0214443	-0.22821	0.520957	0
1035	0.0214443	-0.22821	0.520957	0
1036	0.0214443	-0.22821	0.520957	0
1037	0.0214443	-0.22821	0.520957	0
1038	0.0214443	-0.22821	0.520957	0
1039	0.0214443	-0.22821	0.520957	0
1040	0.0214443	-0.22821	0.520957	0
1041	0.0214443	-0.22821	0.520957	0
1042	0.0214443	-0.22821	0.520957	0
1043	0.0214443	-0.22821	0.520957	0
1044	0.0214443	-0.22821	0.520957	0
1045	0.0214443	-0.22821	0.520957	0
1046	0.0214443	-0.22821	0.520957	0
1047	0.0214443	-0.22821	0.520957	0
1048	0.0214443	-0.22821	0.520957	0
1049	0.0214443	-0.22821	0.520957	0
1050	0.0214443	-0.22821	0.520957	0
1051	0.0214443	-0.22821	0.520957	0
1052	0.0214443	-0.22821	0.520957	0
1053	0.0214443	-0.22821	0.520957	0
1054	0.0214443	-0.22821	0.520957	0
1055	0.0214443	-0.22821	0.520957	0
1056	0.0214443	-0.22821	0.520957	0
1057	0.0214443	-0.22821	0.520957	0
1058	0.0214443	-0.22821	0.520957	0
1059	0.0214443	-0.22821	0.520957	0
1060	0.0214443	-0.22821	0.520957	0
1061	0.0214443	-0.22821	0.520957	0
1062	0.0214443	-0.22821	0.520957	0
1063	0.0214443	-0.22821	0.520957	0
1064	0.0214443	-0.22821	0.520957	0
1065	0.0214443	-0.22821	0.520957	0
1066	0.0214443	-0.22821	0.520957	0
1067	0.0214443	-0.22821	0.520957	0
1068	0.0214443	-0.22821	0.520957	0
1069	0.0214443	-0.22821	0.520957	0
1070	0.0214443	-0.22821	0.520957	0
1071	0.0214443	-0.22821	0.520957	0
1072	0.0214443	-0.22821	0.520957	0
1073	0.0214443	-0.22821	-1.91867	1
1074	0.0214443	-0.22821	-1.91867	1
1075	0.0214443	-0.22821	-1.91867	1
1076	0.0214443	-0.22821	-1.91867	1
1077	0.0214443	-0.22821	-1.91867	1
1078	0.0214443	-0.22821	-1.91867	1
1079	0.0214443	-0.22821	-1.91867	1
1080	0.0214443	-0.22821	-1.91867	1
1081	0.0214443	-0.22821	-1.91867	1
1082	0.0214443	-0.22821	-1.91867	1
1083	0.0214443	-0.22821	-1.91867	1
1084	0.0214443	-0.22821	-1.91867	1
1085	0.0214443	-0.22821	-1.91867	1
1086	0.0214443	-0.22821	-1.91867	1
1087	0.0214443	-0.22821	-1.91867	1
1088	0.0214443	-0.22821	-1.91867	1
1089	0.0214443	-0.22821	-1.91867	1
1090	0.0214443	-0.22821	-1.91867	1
1091	0.0214443	-0.22821	-1.91867	1
1092	0.0214443	-0.22821	-1.91867	1
1093	0.0214443	-0.22821	-1.91867	1
1094	0.0214443	-0.22821	-1.91867	1
1095	0.0214443	-0.22821	-1.91867	1
1096	0.0214443	-0.22821	-1.91867	1
1097	0.0214443	-0.22821	-1.91867	1
1098	0.0214443	-0.22821	-1.91867	1
1099	0.0214443	-0.22821	-1.91867	1
1100	0.0214443	-0.22821	-1.91867	1
1101	0.0214443	-0.22821	-1.91867	1
1102	0.0214443	-0.22821	-1.91867	1
1103	0.0214443	-0.22821	-1.91867	1
1104	0.0214443	-0.22821	-1.91867	1
1105	0.0214443	-0.22821	-1.91867	1
1106	0.0214443	-0.22821	-1.91867	1
1107	0.0214443	-0.22821	-1.91867	1
1108	0.0214443	-0.22821	-1.91867	1
1109	0.0214443	-0.22821	-1.91867	1
1110	0.0214443	-0.22821	-1.91867	1
1111	0.0214443	-0.22821	-1.91867	1
1112	0.0214443	-0.22821	-1.91867	1
1113	0.0214443	-0.22821	-1.91867	1
1114	0.0214443	-0.22821	-1.91867	1
1115	0.0214443	-0.22821	-1.91867	1
1116	0.0214443	-0.22821	-1.91867	1
1117	0.0214443	-0.22821	-1.91867	1
1118	0.0214443	-0.22821	-1.91867	1
1119	0.0214443	-0.22821	-1.91867	1
1120	0.0214443	-0.22821	-1.91867	1
1121	0.0214443	-0.22821	-1.91867	1
1122	0.0214443	-0.22821	-1.91867	1
1123	0.0214443	-0.22821	-1.91867	1
1124	0.0214443	-0.22821	-1.91867	1
1125	0.0214443	-0.22821	-1.91867	1
1126	0.0214443	-0.22821	-1.91867	1
1127	0.0214443	-0.22821	-1.91867	1
1128	0.0214443	-0.22821	-1.91867	1
1129	0.0214443	-0.22821	-1.91867	1
1130	0.0214443	-0.22821	-1.91867	1
1131	0.0214443	-0.22821	-1.91867	1
1132	0.0214443	-0.22821	-1.91867	1
1133	0.0214443	-0.22821	-1.91867	1
1134	0.0214443	-0.22821	-1.91867	1
1135	0.0214443	-0.22821	-1.91867	1
1136	0.0214443	-0.22821	-1.91867	1
1137	0.0214443	-0.22821	-1.91867	1
1138	0.0214443	-0.22821	-1.91867	1
1139	0.0214443	-0.22821	-1.91867	1
1140	0.0214443	-0.22821	-1.91867	1
1141	0.0214443	-0.22821	-1.91867	1
1142	0.0214443	-0.22821	-1.91867	1
1143	0.0214443	-0.22821	-1.91867	1
1144	0.0214443	-0.22821	-1.91867	1
1145	0.0214443	-0.22821	-1.91867	1
1146	0.0214443	-0.22821	-1.91867	1
1147	0.0214443	-0.22821	-1.91867	1
1148	0.0214443	-0.22821	-1.91867	1
1149	0.0214443	-0.22821	-1.91867	0
1150	0.0214443	-0.22821	-1.91867	0
1151	0.0214443	-0.22821	-1.91867	0
1152	0.0214443	-0.22821	-1.91867	0
1153	0.0214443	-0.22821	-1.91867	0
1154	0.0214443	-0.22821	-1.91867	0
1155	0.0214443	-0.22821	-1.91867	0
1156	0.0214443	-0.22821	-1.91867	0
1157	0.0214443	-0.22821	-1.91867	0
1158	0.0214443	-0.22821	-1.91867	0
1159	0.0214443	-0.22821	-1.91867	0
1160	0.0214443	-0.22821	-1.91867	0
1161	0.0214443	-0.22821	-1.91867	0
1162	0.0214443	-0.22821	-1.91867	0
1163	0.0214443	-0.22821	-1.91867	0
1164	0.0214443	-0.22821	-1.91867	0
1165	0.0214443	-0.22821	-1.91867	0
1166	0.0214443	-0.22821	-1.91867	0
1167	0.0214443	-0.22821	-1.91867	0
1168	0.0214443	-0.22821	-1.91867	0
1169	0.0214443	-0.22821	-1.91867	0
1170	0.0214443	-0.22821	-1.91867	0
1171	0.0214443	-0.22821	-1.91867	0
1172	0.0214443	-0.22821	-1.91867	0
1173	0.0214443	-0.22821	-1.91867	0
1174	0.0214443	-0.22821	-1.91867	0
1175	0.0214443	-0.22821	-1.91867	0
1176	0.0214443	-0.22821	-1.91867	0
1177	0.0214443	-0.22821	-1.91867	0
1178	0.0214443	-0.22821	-1.91867	0
1179	0.0214443	-0.22821	-1.91867	0
1180	0.0214443	-0.22821	-1.91867	0
1181	0.0214443	-0.22821	-1.91867	0
1182	0.0214443	-0.22821	-1.91867	0
1183	0.0214443	-0.22821	-1.91867	0
1184	0.0214443	-0.22821	-1.91867	0
1185	0.0214443	-0.22821	-1.91867	0
1186	0.0214443	-0.22821	-1.91867	0
1187	0.0214443	-0.22821	-1.91867	0
1188	0.0214443	-0.22821	-1.91867	0
1189	0.0214443	-0.22821	-1.91867	0
1190	0.0214443	-0.22821	-1.91867	0
1191	0.0214443	-0.22821	-1.91867	0
1192	0.0214443	-0.22821	-1.91867	0
1193	0.0214443	-0.22821	-1.91867	0
1194	0.0214443	-0.22821	-1.91867	0
1195	0.0214443	-0.22821	-1.91867	0
1196	0.0214443	-0.22821	-1.91867	0
1197	0.0214443	-0.22821	-1.91867	0
1198	0.0214443	-0.22821	-1.91867	0
1199	0.0214443	-0.22821	-1.91867	0
1200	0.0214443	-0.22821	-1.91867	0
1201	0.0214443	-0.22821	-1.91867	0
1202	0.0214443	-0.22821	-1.91867	0
1203	0.0214443	-0.22821	-1.91867	0
1204	0.0214443	-0.22821	-1.91867	0
1205	0.0214443	-0.22821	-1.91867	0
1206	0.0214443	-0.22821	-1.91867	0
1207	0.0214443	-0.22821	-1.91867	0
1208	0.0214443	-0.22821	-1.91867	0
1209	0.0214443	-0.22821	-1.91867	0
1210	0.0214443	-0.22821	-1.91867	0
1211	0.0214443	-0.22821	-1.91867	0
1212	0.0214443	-0.22821	-1.91867	0
1213	0.0214443	-0.22821	-1.91867	0
1214	0.0214443	-0.22821	-1.91867	0
1215	0.0214443	-0.22821	-1.91867	0
1216	0.0214443	-0.22821	-1.91867	0
1217	0.0214443	-0.22821	-1.91867	0
1218	0.0214443	-0.22821	-1.91867	0
1219	0.0214443	-0.22821	-1.91867	0
1220	0.0214443	-0.22821	-1.91867	0
1221	0.0214443	-0.22821	-1.91867	0
1222	0.0214443	-0.22821	-1.91867	0
1223	0.0214443	-0.22821	-1.91867	0
1224	0.0214443	-0.22821	-1.91867	0
1225	0.0214443	-0.22821	-1.91867	0
1226	0.0214443	-0.22821	-1.91867	0
1227	0.0214443	-0.22821	-1.91867	0
1228	0.0214443	-0.22821	-1.91867	0
1229	0.0214443	-0.22821	-1.91867	0
1230	0.0214443	-0.22821	-1.91867	0
1231	0.0214443	-0.22821	-1.91867	0
1232	0.0214443	-0.22821	-1.91867	0
1233	0.0214443	-0.22821	-1.91867	0
1234	0.0214443	-0.22821	-1.91867	0
1235	0.0214443	-0.22821	-1.91867	0
1236	0.0214443	-0.22821	-1.91867	0
1237	0.0214443	-0.22821	-1.91867	0
1238	0.0214443	4.37995	0.520957	1
1239	0.0214443	4.37995	0.520957	1
1240	0.0214443	4.37995	0.520957	1
1241	0.0214443	4.37995	0.520957	1
1242	0.0214443	4.37995	0.520957	1
1243	0.0214443	4.37995	0.520957	1
1244	0.0214443	4.37995	0.520957	1
1245	0.0214443	4.37995	0.520957	1
1246	0.0214443	4.37995	0.520957	1
1247	0.0214443	4.37995	0.520957	1
1248	0.0214443	4.37995	0.520957	1
1249	0.0214443	4.37995	0.520957	1
1250	0.0214443	4.37995	0.520957	1
1251	0.0214443	4.37995	0.520957	0
1252	0.0214443	4.37995	0.520957	0
1253	0.0214443	4.37995	0.520957	0
1254	0.0214443	4.37995	0.520957	0
1255	0.0214443	4.37995	0.520957	0
1256	0.0214443	4.37995	0.520957	0
1257	0.0214443	4.37995	0.520957	0
1258	0.0214443	4.37995	0.520957	0
1259	0.0214443	4.37995	0.520957	0
1260	0.0214443	4.37995	0.520957	0
1261	0.0214443	4.37995	0.520957	0
1262	0.0214443	4.37995	0.520957	0
1263	0.0214443	4.37995	0.520957	0
1264	0.0214443	4.37995	0.520957	0
1265	0.0214443	4.37995	0.520957	0
1266	0.0214443	4.37995	0.520957	0
1267	0.0214443	4.37995	0.520957	0
1268	0.0214443	4.37995	0.520957	0
1269	0.0214443	4.37995	0.520957	0
1270	0.0214443	4.37995	0.520957	0
1271	0.0214443	4.37995	0.520957	0
1272	0.0214443	4.37995	0.520957	0
1273	0.0214443	4.37995	0.520957	0
1274	0.0214443	4.37995	0.520957	0
1275	0.0214443	4.37995	0.520957	0
1276	0.0214443	4.37995	0.520957	0
1277	0.0214443	4.37995	0.520957	0
1278	0.0214443	4.37995	0.520957	0
1279	0.0214443	4.37995	0.520957	0
1280	0.0214443	4.37995	0.520957	0
1281	0.0214443	4.37995	0.520957	0
1282	0.0214443	4.37995	0.520957	0
1283	0.0214443	4.37995	0.520957	0
1284	0.0214443	4.37995	0.520957	0
1285	0.0214443	4.37995	0.520957	0
1286	0.0214443	4.37995	-1.91867	1
1287	0.0214443	4.37995	-1.91867	1
1288	0.0214443	4.37995	-1.91867	1
1289	0.0214443	4.37995	-1.91867	1
1290	0.0214443	4.37995	-1.91867	1
1291	0.0214443	4.37995	-1.91867	1
1292	0.0214443	4.37995	-1.91867	1
1293	0.0214443	4.37995	-1.91867	1
1294	0.0214443	4.37995	-1.91867	1
1295	0.0214443	4.37995	-1.91867	1
1296	0.0214443	4.37995	-1.91867	1
1297	0.0214443	4.37995	-1.91867	1
1298	0.0214443	4.37995	-1.91867	1
1299	0.0214443	4.37995	-1.91867	1
1300	0.0214443	4.37995	-1.91867	0
1301	0.0214443	4.37995	-1.91867	0
1302	0.0214443	4.37995	-1.91867	0
1303	0.0214443	4.37995	-1.91867	0
1304	0.0214443	4.37995	-1.91867	0
1305	0.0214443	4.37995	-1.91867	0
1306	0.0214443	4.37995	-1.91867	0
1307	0.0214443	4.37995	-1.91867	0
1308	0.0214443	4.37995	-1.91867	0
1309	0.0214443	4.37995	-1.91867	0
1310	0.0214443	4.37995	-1.91867	0
1311	0.0214443	4.37995	-1.91867	0
1312	0.0214443	4.37995	-1.91867	0
1313	0.0214443	4.37995	-1.91867	0
1314	0.0214443	4.37995	-1.91867	0
1315	0.0214443	4.37995	-1.91867	0
1316	0.0214443	4.37995	-1.91867	0
1317	0.965424	-0.22821	0.520957	1
1318	0.965424	-0.22821	0.520957	1
1319	0.965424	-0.22821	0.520957	1
1320	0.965424	-0.22821	0.520957	1
1321	0.965424	-0.22821	0.520957	1
1322	0.965424	-0.22821	0.520957	1
1323	0.965424	-0.22821	0.520957	1
1324	0.965424	-0.22821	0.520957	1
1325	0.965424	-0.22821	0.520957	1
1326	0.965424	-0.22821	0.520957	1
1327	0.965424	-0.22821	0.520957	1
1328	0.965424	-0.22821	0.520957	1
1329	0.965424	-0.22821	0.520957	1
1330	0.965424	-0.22821	0.520957	1
1331	0.965424	-0.22821	0.520957	1
1332	0.965424	-0.22821	0.520957	1
1333	0.965424	-0.22821	0.520957	1
1334	0.965424	-0.22821	0.520957	1
1335	0.965424	-0.22821	0.520957	1
1336	0.965424	-0.22821	0.520957	1
1337	0.965424	-0.22821	0.520957	1
1338	0.965424	-0.22821	0.520957	1
1339	0.965424	-0.22821	0.520957	1
1340	0.965424	-0.22821	0.520957	1
1341	0.965424	-0.22821	0.520957	1
1342	0.965424	-0.22821	0.520957	1
1343	0.965424	-0.22821	0.520957	1
1344	0.965424	-0.22821	0.520957	1
1345	0.965424	-0.22821	0.520957	1
1346	0.965424	-0.22821	0.520957	1
1347	0.965424	-0.22821	0.520957	1
1348	0.965424	-0.22821	0.520957	1
1349	0.965424	-0.22821	0.520957	1
1350	0.965424	-0.22821	0.520957	1
1351	0.965424	-0.22821	0.520957	1
1352	0.965424	-0.22821	0.520957	1
1353	0.965424	-0.22821	0.520957	1
1354	0.965424	-0.22821	0.520957	1
1355	0.965424	-0.22821	0.520957	1
1356	0.965424	-0.22821	0.520957	1
1357	0.965424	-0.22821	0.520957	1
1358	0.965424	-0.22821	0.520957	1
1359	0.965424	-0.22821	0.520957	1
1360	0.965424	-0.22821	0.520957	1
1361	0.965424	-0.22821	0.520957	1
1362	0.965424	-0.22821	0.520957	1
1363	0.965424	-0.22821	0.520957	1
1364	0.965424	-0.22821	0.520957	1
1365	0.965424	-0.22821	0.520957	1
1366	0.965424	-0.22821	0.520957	1
1367	0.965424	-0.22821	0.520957	1
1368	0.965424	-0.22821	0.520957	1
1369	0.965424	-0.22821	0.520957	1
1370	0.965424	-0.22821	0.520957	1
1371	0.965424	-0.22821	0.520957	1
1372	0.965424	-0.22821	0.520957	1
1373	0.965424	-0.22821	0.520957	1
1374	0.965424	-0.22821	0.520957	1
1375	0.965424	-0.22821	0.520957	1
1376	0.965424	-0.22821	0.520957	1
1377	0.965424	-0.22821	0.520957	1
1378	0.965424	-0.22821	0.520957	1
1379	0.965424	-0.22821	0.520957	1
1380	0.965424	-0.22821	0.520957	1
1381	0.965424	-0.22821	0.520957	1
1382	0.965424	-0.22821	0.520957	1
1383	0.965424	-0.22821	0.520957	1
1384	0.965424	-0.22821	0.520957	1
1385	0.965424	-0.22821	0.520957	1
1386	0.965424	-0.22821	0.520957	1
1387	0.965424	-0.22821	0.520957	1
1388	0.965424	-0.22821	0.520957	1
1389	0.965424	-0.22821	0.520957	1
1390	0.965424	-0.22821	0.520957	1
1391	0.965424	-0.22821	0.520957	1
1392	0.965424	-0.22821	0.520957	1
1393	0.965424	-0.22821	0.520957	1
1394	0.965424	-0.22821	0.520957	1
1395	0.965424	-0.22821	0.520957	1
1396	0.965424	-0.22821	0.520957	1
1397	0.965424	-0.22821	0.520957	1
1398	0.965424	-0.22821	0.520957	1
1399	0.965424	-0.22821	0.520957	1
1400	0.965424	-0.22821	0.520957	1
1401	0.965424	-0.22821	0.520957	1
1402	0.965424	-0.22821	0.520957	1
1403	0.965424	-0.22821	0.520957	1
1404	0.965424	-0.22821	0.520957	1
1405	0.965424	-0.22821	0.520957	1
1406	0.965424	-0.22821	0.520957	1
1407	0.965424	-0.22821	0.520957	1
1408	0.965424	-0.22821	0.520957	1
1409	0.965424	-0.22821	0.520957	1
1410	0.965424	-0.22821	0.520957	1
1411	0.965424	-0.22821	0.520957	1
1412	0.965424	-0.22821	0.520957	1
1413	0.965424	-0.22821	0.520957	1
1414	0.965424	-0.22821	0.520957	1
1415	0.965424	-0.22821	0.520957	1
1416	0.965424	-0.22821	0.520957	1
1417	0.965424	-0.22821	0.520957	1
1418	0.965424	-0.22821	0.520957	1
1419	0.965424	-0.22821	0.520957	1
1420	0.965424	-0.22821	0.520957	1
1421	0.965424	-0.22821	0.520957	1
1422	0.965424	-0.22821	0.520957	1
1423	0.965424	-0.22821	0.520957	1
1424	0.965424	-0.22821	0.520957	1
1425	0.965424	-0.22821	0.520957	1
1426	0.965424	-0.22821	0.520957	1
1427	0.965424	-0.22821	0.520957	1
1428	0.965424	-0.22821	0.520957	1
1429	0.965424	-0.22821	0.520957	1
1430	0.965424	-0.22821	0.520957	1
1431	0.965424	-0.22821	0.520957	1
1432	0.965424	-0.22821	0.520957	1
1433	0.965424	-0.22821	0.520957	1
1434	0.965424	-0.22821	0.520957	1
1435	0.965424	-0.22821	0.520957	1
1436	0.965424	-0.22821	0.520957	1
1437	0.965424	-0.22821	0.520957	1
1438	0.965424	-0.22821	0.520957	1
1439	0.965424	-0.22821	0.520957	1
1440	0.965424	-0.22821	0.520957	1
1441	0.965424	-0.22821	0.520957	1
1442	0.965424	-0.22821	0.520957	1
1443	0.965424	-0.22821	0.520957	1
1444	0.965424	-0.22821	0.520957	1
1445	0.965424	-0.22821	0.520957	1
1446	0.965424	-0.22821	0.520957	1
1447	0.965424	-0.22821	0.520957	1
1448	0.965424	-0.22821	0.520957	1
1449	0.965424	-0.22821	0.520957	1
1450	0.965424	-0.22821	0.520957	1
1451	0.965424	-0.22821	0.520957	1
1452	0.965424	-0.22821	0.520957	1
1453	0.965424	-0.22821	0.520957	1
1454	0.965424	-0.22821	0.520957	1
1455	0.965424	-0.22821	0.520957	1
1456	0.965424	-0.22821	0.520957	1
1457	0.965424	-0.22821	0.520957	1
1458	0.965424	-0.22821	0.520957	1
1459	0.965424	-0.22821	0.520957	1
1460	0.965424	-0.22821	0.520957	1
1461	0.965424	-0.22821	0.520957	1
1462	0.965424	-0.22821	0.520957	1
1463	0.965424	-0.22821	0.520957	1
1464	0.965424	-0.22821	0.520957	1
1465	0.965424	-0.22821	0.520957	1
1466	0.965424	-0.22821	0.520957	1
1467	0.965424	-0.22821	0.520957	1
1468	0.965424	-0.22821	0.520957	1
1469	0.965424	-0.22821	0.520957	1
1470	0.965424	-0.22821	0.520957	1
1471	0.965424	-0.22821	0.520957	1
1472	0.965424	-0.22821	0.520957	1
1473	0.965424	-0.22821	0.520957	1
1474	0.965424	-0.22821	0.520957	1
1475	0.965424	-0.22821	0.520957	1
1476	0.965424	-0.22821	0.520957	1
1477	0.965424	-0.22821	0.520957	1
1478	0.965424	-0.22821	0.520957	1
1479	0.965424	-0.22821	0.520957	1
1480	0.965424	-0.22821	0.520957	1
1481	0.965424	-0.22821	0.520957	1
1482	0.965424	-0.22821	0.520957	1
1483	0.965424	-0.22821	0.520957	1
1484	0.965424	-0.22821	0.520957	1
1485	0.965424	-0.22821	0.520957	1
1486	0.965424	-0.22821	0.520957	1
1487	0.965424	-0.22821	0.520957	1
1488	0.965424	-0.22821	0.520957	1
1489	0.965424	-0.22821	0.520957	1
1490	0.965424	-0.22821	0.520957	1
1491	0.965424	-0.22821	0.520957	1
1492	0.965424	-0.22821	0.520957	1
1493	0.965424	-0.22821	0.520957	1
1494	0.965424	-0.22821	0.520957	1
1495	0.965424	-0.22821	0.520957	1
1496	0.965424	-0.22821	0.520957	1
1497	0.965424	-0.22821	0.520957	1
1498	0.965424	-0.22821	0.520957	1
1499	0.965424	-0.22821	0.520957	1
1500	0.965424	-0.22821	0.520957	1
1501	0.965424	-0.22821	0.520957	1
1502	0.965424	-0.22821	0.520957	1
1503	0.965424	-0.22821	0.520957	1
1504	0.965424	-0.22821	0.520957	1
1505	0.965424	-0.22821	0.520957	1
1506	0.965424	-0.22821	0.520957	1
1507	0.965424	-0.22821	0.520957	1
1508	0.965424	-0.22821	0.520957	1
1509	0.965424	-0.22821	0.520957	0
1510	0.965424	-0.22821	0.520957	0
1511	0.965424	-0.22821	0.520957	0
1512	0.965424	-0.22821	0.520957	0
1513	0.965424	-0.22821	0.520957	0
1514	0.965424	-0.22821	0.520957	0
1515	0.965424	-0.22821	0.520957	0
1516	0.965424	-0.22821	0.520957	0
1517	0.965424	-0.22821	0.520957	0
1518	0.965424	-0.22821	0.520957	0
1519	0.965424	-0.22821	0.520957	0
1520	0.965424	-0.22821	0.520957	0
1521	0.965424	-0.22821	0.520957	0
1522	0.965424	-0.22821	0.520957	0
1523	0.965424	-0.22821	0.520957	0
1524	0.965424	-0.22821	0.520957	0
1525	0.965424	-0.22821	0.520957	0
1526	0.965424	-0.22821	0.520957	0
1527	0.965424	-0.22821	0.520957	0
1528	0.965424	-0.22821	0.520957	0
1529	0.965424	-0.22821	0.520957	0
1530	0.965424	-0.22821	0.520957	0
1531	0.965424	-0.22821	0.520957	0
1532	0.965424	-0.22821	0.520957	0
1533	0.965424	-0.22821	0.520957	0
1534	0.965424	-0.22821	0.520957	0
1535	0.965424	-0.22821	0.520957	0
1536	0.965424	-0.22821	0.520957	0
1537	0.965424	-0.22821	0.520957	0
1538	0.965424	-0.22821	0.520957	0
1539	0.965424	-0.22821	0.520957	0
1540	0.965424	-0.22821	0.520957	0
1541	0.965424	-0.22821	0.520957	0
1542	0.965424	-0.22821	0.520957	0
1543	0.965424	-0.22821	0.520957	0
1544	0.965424	-0.22821	0.520957	0
1545	0.965424	-0.22821	0.520957	0
1546	0.965424	-0.22821	0.520957	0
1547	0.965424	-0.22821	0.520957	0
1548	0.965424	-0.22821	0.520957	0
1549	0.965424	-0.22821	0.520957	0
1550	0.965424	-0.22821	0.520957	0
1551	0.965424	-0.22821	0.520957	0
1552	0.965424	-0.22821	0.520957	0
1553	0.965424	-0.22821	0.520957	0
1554	0.965424	-0.22821	0.520957	0
1555	0.965424	-0.22821	0.520957	0
1556	0.965424	-0.22821	0.520957	0
1557	0.965424	-0.22821	0.520957	0
1558	0.965424	-0.22821	0.520957	0
1559	0.965424	-0.22821	0.520957	0
1560	0.965424	-0.22821	0.520957	0
1561	0.965424	-0.22821	0.520957	0
1562	0.965424	-0.22821	0.520957	0
1563	0.965424	-0.22821	0.520957	0
1564	0.965424	-0.22821	0.520957	0
1565	0.965424	-0.22821	0.520957	0
1566	0.965424	-0.22821	0.520957	0
1567	0.965424	-0.22821	0.520957	0
1568	0.965424	-0.22821	0.520957	0
1569	0.965424	-0.22821	0.520957	0
1570	0.965424	-0.22821	0.520957	0
1571	0.965424	-0.22821	0.520957	0
1572	0.965424	-0.22821	0.520957	0
1573	0.965424	-0.22821	0.520957	0
1574	0.965424	-0.22821	0.520957	0
1575	0.965424	-0.22821	0.520957	0
1576	0.965424	-0.22821	0.520957	0
1577	0.965424	-0.22821	0.520957	0
1578	0.965424	-0.22821	0.520957	0
1579	0.965424	-0.22821	0.520957	0
1580	0.965424	-0.22821	0.520957	0
1581	0.965424	-0.22821	0.520957	0
1582	0.965424	-0.22821	0.520957	0
1583	0.965424	-0.22821	0.520957	0
1584	0.965424	-0.22821	0.520957	0
1585	0.965424	-0.22821	0.520957	0
1586	0.965424	-0.22821	0.520957	0
1587	0.965424	-0.22821	0.520957	0
1588	0.965424	-0.22821	0.520957	0
1589	0.965424	-0.22821	0.520957	0
1590	0.965424	-0.22821	0.520957	0
1591	0.965424	-0.22821	0.520957	0
1592	0.965424	-0.22821	0.520957	0
1593	0.965424	-0.22821	0.520957	0
1594	0.965424	-0.22821	0.520957	0
1595	0.965424	-0.22821	0.520957	0
1596	0.965424	-0.22821	0.520957	0
1597	0.965424	-0.22821	0.520957	0
1598	0.965424	-0.22821	0.520957	0
1599	0.965424	-0.22821	0.520957	0
1600	0.965424	-0.22821	0.520957	0
1601	0.965424	-0.22821	0.520957	0
1602	0.965424	-0.22821	0.520957	0
1603	0.965424	-0.22821	0.520957	0
1604	0.965424	-0.22821	0.520957	0
1605	0.965424	-0.22821	0.520957	0
1606	0.965424	-0.22821	0.520957	0
1607	0.965424	-0.22821	0.520957	0
1608	0.965424	-0.22821	0.520957	0
1609	0.965424	-0.22821	0.520957	0
1610	0.965424	-0.22821	0.520957	0
1611	0.965424	-0.22821	0.520957	0
1612	0.965424	-0.22821	0.520957	0
1613	0.965424	-0.22821	0.520957	0
1614	0.965424	-0.22821	0.520957	0
1615	0.965424	-0.22821	0.520957	0
1616	0.965424	-0.22821	0.520957	0
1617	0.965424	-0.22821	0.520957	0
1618	0.965424	-0.22821	0.520957	0
1619	0.965424	-0.22821	0.520957	0
1620	0.965424	-0.22821	0.520957	0
1621	0.965424	-0.22821	0.520957	0
1622	0.965424	-0.22821	0.520957	0
1623	0.965424	-0.22821	0.520957	0
1624	0.965424	-0.22821	0.520957	0
1625	0.965424	-0.22821	0.520957	0
1626	0.965424	-0.22821	0.520957	0
1627	0.965424	-0.22821	0.520957	0
1628	0.965424	-0.22821	0.520957	0
1629	0.965424	-0.22821	0.520957	0
1630	0.965424	-0.22821	0.520957	0
1631	0.965424	-0.22821	0.520957	0
1632	0.965424	-0.22821	0.520957	0
1633	0.965424	-0.22821	0.520957	0
1634	0.965424	-0.22821	0.520957	0
1635	0.965424	-0.22821	0.520957	0
1636	0.965424	-0.22821	0.520957	0
1637	0.965424	-0.22821	0.520957	0
1638	0.965424	-0.22821	0.520957	0
1639	0.965424	-0.22821	0.520957	0
1640	0.965424	-0.22821	0.520957	0
1641	0.965424	-0.22821	0.520957	0
1642	0.965424	-0.22821	0.520957	0
1643	0.965424	-0.22821	0.520957	0
1644	0.965424	-0.22821	0.520957	0
1645	0.965424	-0.22821	0.520957	0
1646	0.965424	-0.22821	0.520957	0
1647	0.965424	-0.22821	0.520957	0
1648	0.965424	-0.22821	0.520957	0
1649	0.965424	-0.22821	0.520957	0
1650	0.965424	-0.22821	0.520957	0
1651	0.965424	-0.22821	0.520957	0
1652	0.965424	-0.22821	0.520957	0
1653	0.965424	-0.22821	0.520957	0
1654	0.965424	-0.22821	0.520957	0
1655	0.965424	-0.22821	0.520957	0
1656	0.965424	-0.22821	0.520957	0
1657	0.965424	-0.22821	0.520957	0
1658	0.965424	-0.22821	0.520957	0
1659	0.965424	-0.22821	0.520957	0
1660	0.965424	-0.22821	0.520957	0
1661	0.965424	-0.22821	0.520957	0
1662	0.965424	-0.22821	0.520957	0
1663	0.965424	-0.22821	0.520957	0
1664	0.965424	-0.22821	0.520957	0
1665	0.965424	-0.22821	0.520957	0
1666	0.965424	-0.22821	0.520957	0
1667	0.965424	-0.22821	0.520957	0
1668	0.965424	-0.22821	0.520957	0
1669	0.965424	-0.22821	0.520957	0
1670	0.965424	-0.22821	0.520957	0
1671	0.965424	-0.22821	0.520957	0
1672	0.965424	-0.22821	0.520957	0
1673	0.965424	-0.22821	0.520957	0
1674	0.965424	-0.22821	0.520957	0
1675	0.965424	-0.22821	0.520957	0
1676	0.965424	-0.22821	0.520957	0
1677	0.965424	-0.22821	0.520957	0
1678	0.965424	-0.22821	0.520957	0
1679	0.965424	-0.22821	0.520957	0
1680	0.965424	-0.22821	0.520957	0
1681	0.965424	-0.22821	0.520957	0
1682	0.965424	-0.22821	0.520957	0
1683	0.965424	-0.22821	0.520957	0
1684	0.965424	-0.22821	0.520957	0
1685	0.965424	-0.22821	0.520957	0
1686	0.965424	-0.22821	0.520957	0
1687	0.965424	-0.22821	0.520957	0
1688	0.965424	-0.22821	0.520957	0
1689	0.965424	-0.22821	0.520957	0
1690	0.965424	-0.22821	0.520957	0
1691	0.965424	-0.22821	0.520957	0
1692	0.965424	-0.22821	0.520957	0
1693	0.965424	-0.22821	0.520957	0
1694	0.965424	-0.22821	0.520957	0
1695	0.965424	-0.22821	0.520957	0
1696	0.965424	-0.22821	0.520957	0
1697	0.965424	-0.22821	0.520957	0
1698	0.965424	-0.22821	0.520957	0
1699	0.965424	-0.22821	0.520957	0
1700	0.965424	-0.22821	0.520957	0
1701	0.965424	-0.22821	0.520957	0
1702	0.965424	-0.22821	0.520957	0
1703	0.965424	-0.22821	0.520957	0
1704	0.965424	-0.22821	0.520957	0
1705	0.965424	-0.22821	0.520957	0
1706	0.965424	-0.22821	0.520957	0
1707	0.965424	-0.22821	0.520957	0
1708	0.965424	-0.22821	0.520957	0
1709	0.965424	-0.22821	0.520957	0
1710	0.965424	-0.22821	0.520957	0
1711	0.965424	-0.22821	0.520957	0
1712	0.965424	-0.22821	0.520957	0
1713	0.965424	-0.22821	0.520957	0
1714	0.965424	-0.22821	0.520957	0
1715	0.965424	-0.22821	0.520957	0
1716	0.965424	-0.22821	0.520957	0
1717	0.965424	-0.22821	0.520957	0
1718	0.965424	-0.22821	0.520957	0
1719	0.965424	-0.22821	0.520957	0
1720	0.965424	-0.22821	0.520957	0
1721	0.965424	-0.22821	0.520957	0
1722	0.965424	-0.22821	0.520957	0
1723	0.965424	-0.22821	0.520957	0
1724	0.965424	-0.22821	0.520957	0
1725	0.965424	-0.22821	0.520957	0
1726	0.965424	-0.22821	0.520957	0
1727	0.965424	-0.22821	0.520957	0
1728	0.965424	-0.22821	0.520957	0
1729	0.965424	-0.22821	0.520957	0
1730	0.965424	-0.22821	0.520957	0
1731	0.965424	-0.22821	0.520957	0
1732	0.965424	-0.22821	0.520957	0
1733	0.965424	-0.22821	0.520957	0
1734	0.965424	-0.22821	0.520957	0
1735	0.965424	-0.22821	0.520957	0
1736	0.965424	-0.22821	0.520957	0
1737	0.965424	-0.22821	0.520957	0
1738	0.965424	-0.22821	0.520957	0
1739	0.965424	-0.22821	0.520957	0
1740	0.965424	-0.22821	0.520957	0
1741	0.965424	-0.22821	0.520957	0
1742	0.965424	-0.22821	0.520957	0
1743	0.965424	-0.22821	0.520957	0
1744	0.965424	-0.22821	0.520957	0
1745	0.965424	-0.22821	0.520957	0
1746	0.965424	-0.22821	0.520957	0
1747	0.965424	-0.22821	0.520957	0
1748	0.965424	-0.22821	0.520957	0
1749	0.965424	-0.22821	0.520957	0
1750	0.965424	-0.22821	0.520957	0
1751	0.965424	-0.22821	0.520957	0
1752	0.965424	-0.22821	0.520957	0
1753	0.965424	-0.22821	0.520957	0
1754	0.965424	-0.22821	0.520957	0
1755	0.965424	-0.22821	0.520957	0
1756	0.965424	-0.22821	0.520957	0
1757	0.965424	-0.22821	0.520957	0
1758	0.965424	-0.22821	0.520957	0
1759	0.965424	-0.22821	0.520957	0
1760	0.965424	-0.22821	0.520957	0
1761	0.965424	-0.22821	0.520957	0
1762	0.965424	-0.22821	0.520957	0
1763	0.965424	-0.22821	0.520957	0
1764	0.965424	-0.22821	0.520957	0
1765	0.965424	-0.22821	0.520957	0
1766	0.965424	-0.22821	0.520957	0
1767	0.965424	-0.22821	0.520957	0
1768	0.965424	-0.22821	0.520957	0
1769	0.965424	-0.22821	0.520957	0
1770	0.965424	-0.22821	0.520957	0
1771	0.965424	-0.22821	0.520957	0
1772	0.965424	-0.22821	0.520957	0
1773	0.965424	-0.22821	0.520957	0
1774	0.965424	-0.22821	0.520957	0
1775	0.965424	-0.22821	0.520957	0
1776	0.965424	-0.22821	0.520957	0
1777	0.965424	-0.22821	0.520957	0
1778	0.965424	-0.22821	0.520957	0
1779	0.965424	-0.22821	0.520957	0
1780	0.965424	-0.22821	0.520957	0
1781	0.965424	-0.22821	0.520957	0
1782	0.965424	-0.22821	0.520957	0
1783	0.965424	-0.22821	0.520957	0
1784	0.965424	-0.22821	0.520957	0
1785	0.965424	-0.22821	0.520957	0
1786	0.965424	-0.22821	0.520957	0
1787	0.965424	-0.22821	0.520957	0
1788	0.965424	-0.22821	0.520957	0
1789	0.965424	-0.22821	0.520957	0
1790	0.965424	-0.22821	0.520957	0
1791	0.965424	-0.22821	0.520957	0
1792	0.965424	-0.22821	0.520957	0
1793	0.965424	-0.22821	0.520957	0
1794	0.965424	-0.22821	0.520957	0
1795	0.965424	-0.22821	0.520957	0
1796	0.965424	-0.22821	0.520957	0
1797	0.965424	-0.22821	0.520957	0
1798	0.965424	-0.22821	0.520957	0
1799	0.965424	-0.22821	0.520957	0
1800	0.965424	-0.22821	0.520957	0
1801	0.965424	-0.22821	0.520957	0
1802	0.965424	-0.22821	0.520957	0
1803	0.965424	-0.22821	0.520957	0
1804	0.965424	-0.22821	0.520957	0
1805	0.965424	-0.22821	0.520957	0
1806	0.965424	-0.22821	0.520957	0
1807	0.965424	-0.22821	0.520957	0
1808	0.965424	-0.22821	0.520957	0
1809	0.965424	-0.22821	0.520957	0
1810	0.965424	-0.22821	0.520957	0
1811	0.965424	-0.22821	0.520957	0
1812	0.965424	-0.22821	0.520957	0
1813	0.965424	-0.22821	0.520957	0
1814	0.965424	-0.22821	0.520957	0
1815	0.965424	-0.22821	0.520957	0
1816	0.965424	-0.22821	0.520957	0
1817	0.965424	-0.22821	0.520957	0
1818	0.965424	-0.22821	0.520957	0
1819	0.965424	-0.22821	0.520957	0
1820	0.965424	-0.22821	0.520957	0
1821	0.965424	-0.22821	0.520957	0
1822	0.965424	-0.22821	0.520957	0
1823	0.965424	-0.22821	0.520957	0
1824	0.965424	-0.22821	0.520957	0
1825	0.965424	-0.22821	0.520957	0
1826	0.965424	-0.22821	0.520957	0
1827	0.965424	-0.22821	0.520957	0
1828	0.965424	-0.22821	0.520957	0
1829	0.965424	-0.22821	0.520957	0
1830	0.965424	-0.22821	0.520957	0
1831	0.965424	-0.22821	0.520957	0
1832	0.965424	-0.22821	0.520957	0
1833	0.965424	-0.22821	0.520957	0
1834	0.965424	-0.22821	0.520957	0
1835	0.965424	-0.22821	0.520957	0
1836	0.965424	-0.22821	0.520957	0
1837	0.965424	-0.22821	0.520957	0
1838	0.965424	-0.22821	0.520957	0
1839	0.965424	-0.22821	0.520957	0
1840	0.965424	-0.22821	0.520957	0
1841	0.965424	-0.22821	0.520957	0
1842	0.965424	-0.22821	0.520957	0
1843	0.965424	-0.22821	0.520957	0
1844	0.965424	-0.22821	0.520957	0
1845	0.965424	-0.22821	0.520957	0
1846	0.965424	-0.22821	0.520957	0
1847	0.965424	-0.22821	0.520957	0
1848	0.965424	-0.22821	0.520957	0
1849	0.965424	-0.22821	0.520957	0
1850	0.965424	-0.22821	0.520957	0
1851	0.965424	-0.22821	0.520957	0
1852	0.965424	-0.22821	0.520957	0
1853	0.965424	-0.22821	0.520957	0
1854	0.965424	-0.22821	0.520957	0
1855	0.965424	-0.22821	0.520957	0
1856	0.965424	-0.22821	0.520957	0
1857	0.965424	-0.22821	0.520957	0
1858	0.965424	-0.22821	0.520957	0
1859	0.965424	-0.22821	0.520957	0
1860	0.965424	-0.22821	0.520957	0
1861	0.965424	-0.22821	0.520957	0
1862	0.965424	-0.22821	0.520957	0
1863	0.965424	-0.22821	0.520957	0
1864	0.965424	-0.22821	0.520957	0
1865	0.965424	-0.22821	0.520957	0
1866	0.965424	-0.22821	0.520957	0
1867	0.965424	-0.22821	0.520957	0
1868	0.965424	-0.22821	0.520957	0
1869	0.965424	-0.22821	0.520957	0
1870	0.965424	-0.22821	0.520957	0
1871	0.965424	-0.22821	0.520957	0
1872	0.965424	-0.22821	0.520957	0
1873	0.965424	-0.22821	0.520957	0
1874	0.965424	-0.22821	0.520957	0
1875	0.965424	-0.22821	0.520957	0
1876	0.965424	-0.22821	0.520957	0
1877	0.965424	-0.22821	0.520957	0
1878	0.965424	-0.22821	0.520957	0
1879	0.965424	-0.22821	0.520957	0
1880	0.965424	-0.22821	0.520957	0
1881	0.965424	-0.22821	0.520957	0
1882	0.965424	-0.22821	0.520957	0
1883	0.965424	-0.22821	0.520957	0
1884	0.965424	-0.22821	0.520957	0
1885	0.965424	-0.22821	0.520957	0
1886	0.965424	-0.22821	0.520957	0
1887	0.965424	-0.22821	0.520957	0
1888	0.965424	-0.22821	0.520957	0
1889	0.965424	-0.22821	0.520957	0
1890	0.965424	-0.22821	0.520957	0
1891	0.965424	-0.22821	0.520957	0
1892	0.965424	-0.22821	0.520957	0
1893	0.965424	-0.22821	0.520957	0
1894	0.965424	-0.22821	0.520957	0
1895	0.965424	-0.22821	0.520957	0
1896	0.965424	-0.22821	0.520957	0
1897	0.965424	-0.22821	0.520957	0
1898	0.965424	-0.22821	0.520957	0
1899	0.965424	-0.22821	0.520957	0
1900	0.965424	-0.22821	0.520957	0
1901	0.965424	-0.22821	0.520957	0
1902	0.965424	-0.22821	0.520957	0
1903	0.965424	-0.22821	0.520957	0
1904	0.965424	-0.22821	0.520957	0
1905	0.965424	-0.22821	0.520957	0
1906	0.965424	-0.22821	0.520957	0
1907	0.965424	-0.22821	0.520957	0
1908	0.965424	-0.22821	0.520957	0
1909	0.965424	-0.22821	0.520957	0
1910	0.965424	-0.22821	0.520957	0
1911	0.965424	-0.22821	0.520957	0
1912	0.965424	-0.22821	0.520957	0
1913	0.965424	-0.22821	0.520957	0
1914	0.965424	-0.22821	0.520957	0
1915	0.965424	-0.22821	0.520957	0
1916	0.965424	-0.22821	0.520957	0
1917	0.965424	-0.22821	0.520957	0
1918	0.965424	-0.22821	0.520957	0
1919	0.965424	-0.22821	0.520957	0
1920	0.965424	-0.22821	0.520957	0
1921	0.965424	-0.22821	0.520957	0
1922	0.965424	-0.22821	0.520957	0
1923	0.965424	-0.22821	0.520957	0
1924	0.965424	-0.22821	0.520957	0
1925	0.965424	-0.22821	0.520957	0
1926	0.965424	-0.22821	0.520957	0
1927	0.965424	-0.22821	0.520957	0
1928	0.965424	-0.22821	0.520957	0
1929	0.965424	-0.22821	0.520957	0
1930	0.965424	-0.22821	0.520957	0
1931	0.965424	-0.22821	0.520957	0
1932	0.965424	-0.22821	0.520957	0
1933	0.965424	-0.22821	0.520957	0
1934	0.965424	-0.22821	0.520957	0
1935	0.965424	-0.22821	0.520957	0
1936	0.965424	-0.22821	0.520957	0
1937	0.965424	-0.22821	0.520957	0
1938	0.965424	-0.22821	0.520957	0
1939	0.965424	-0.22821	0.520957	0
1940	0.965424	-0.22821	0.520957	0
1941	0.965424	-0.22821	0.520957	0
1942	0.965424	-0.22821	0.520957	0
1943	0.965424	-0.22821	0.520957	0
1944	0.965424	-0.22821	0.520957	0
1945	0.965424	-0.22821	0.520957	0
1946	0.965424	-0.22821	0.520957	0
1947	0.965424	-0.22821	0.520957	0
1948	0.965424	-0.22821	0.520957	0
1949	0.965424	-0.22821	0.520957	0
1950	0.965424	-0.22821	0.520957	0
1951	0.965424	-0.22821	0.520957	0
1952	0.965424	-0.22821	0.520957	0
1953	0.965424	-0.22821	0.520957	0
1954	0.965424	-0.22821	0.520957	0
1955	0.965424	-0.22821	0.520957	0
1956	0.965424	-0.22821	0.520957	0
1957	0.965424	-0.22821	0.520957	0
1958	0.965424	-0.22821	0.520957	0
1959	0.965424	-0.22821	0.520957	0
1960	0.965424	-0.22821	0.520957	0
1961	0.965424	-0.22821	0.520957	0
1962	0.965424	-0.22821	0.520957	0
1963	0.965424	-0.22821	0.520957	0
1964	0.965424	-0.22821	0.520957	0
1965	0.965424	-0.22821	0.520957	0
1966	0.965424	-0.22821	0.520957	0
1967	0.965424	-0.22821	0.520957	0
1968	0.965424	-0.22821	0.520957	0
1969	0.965424	-0.22821	0.520957	0
1970	0.965424	-0.22821	0.520957	0
1971	0.965424	-0.22821	0.520957	0
1972	0.965424	-0.22821	0.520957	0
1973	0.965424	-0.22821	0.520957	0
1974	0.965424	-0.22821	0.520957	0
1975	0.965424	-0.22821	0.520957	0
1976	0.965424	-0.22821	0.520957	0
1977	0.965424	-0.22821	0.520957	0
1978	0.965424	-0.22821	0.520957	0
1979	0.965424	-0.22821	0.520957	0
1980	0.965424	-0.22821	0.520957	0
1981	0.965424	-0.22821	0.520957	0
1982	0.965424	-0.22821	0.520957	0
1983	0.965424	-0.22821	0.520957	0
1984	0.965424	-0.22821	0.520957	0
1985	0.965424	-0.22821	0.520957	0
1986	0.965424	-0.22821	0.520957	0
1987	0.965424	-0.22821	0.520957	0
1988	0.965424	-0.22821	0.520957	0
1989	0.965424	-0.22821	0.520957	0
1990	0.965424	-0.22821	0.520957	0
1991	0.965424	-0.22821	0.520957	0
1992	0.965424	-0.22821	0.520957	0
1993	0.965424	-0.22821	0.520957	0
1994	0.965424	-0.22821	0.520957	0
1995	0.965424	-0.22821	0.520957	0
1996	0.965424	-0.22821	0.520957	0
1997	0.965424	-0.22821	0.520957	0
1998	0.965424	-0.22821	0.520957	0
1999	0.965424	-0.22821	0.520957	0
2000	0.965424	-0.22821	0.520957	0
2001	0.965424	-0.22821	0.520957	0
2002	0.965424	-0.22821	0.520957	0
2003	0.965424	-0.22821	0.520957	0
2004	0.965424	-0.22821	0.520957	0
2005	0.965424	-0.22821	0.520957	0
2006	0.965424	-0.22821	0.520957	0
2007	0.965424	-0.22821	0.520957	0
2008	0.965424	-0.22821	0.520957	0
2009	0.965424	-0.22821	0.520957	0
2010	0.965424	-0.22821	0.520957	0
2011	0.965424	-0.22821	0.520957	0
2012	0.965424	-0.22821	0.520957	0
2013	0.965424	-0.22821	0.520957	0
2014	0.965424	-0.22821	0.520957	0
2015	0.965424	-0.22821	0.520957	0
2016	0.965424	-0.22821	0.520957	0
2017	0.965424	-0.22821	0.520957	0
2018	0.965424	-0.22821	0.520957	0
2019	0.965424	-0.22821	0.520957	0
2020	0.965424	-0.22821	0.520957	0
2021	0.965424	-0.22821	0.520957	0
2022	0.965424	-0.22821	0.520957	0
2023	0.965424	-0.22821	0.520957	0
2024	0.965424	-0.22821	0.520957	0
2025	0.965424	-0.22821	0.520957	0
2026	0.965424	-0.22821	0.520957	0
2027	0.965424	-0.22821	0.520957	0
2028	0.965424	-0.22821	0.520957	0
2029	0.965424	-0.22821	0.520957	0
2030	0.965424	-0.22821	0.520957	0
2031	0.965424	-0.22821	0.520957	0
2032	0.965424	-0.22821	0.520957	0
2033	0.965424	-0.22821	0.520957	0
2034	0.965424	-0.22821	0.520957	0
2035	0.965424	-0.22821	0.520957	0
2036	0.965424	-0.22821	0.520957	0
2037	0.965424	-0.22821	0.520957	0
2038	0.965424	-0.22821	0.520957	0
2039	0.965424	-0.22821	0.520957	0
2040	0.965424	-0.22821	0.520957	0
2041	0.965424	-0.22821	0.520957	0
2042	0.965424	-0.22821	0.520957	0
2043	0.965424	-0.22821	0.520957	0
2044	0.965424	-0.22821	0.520957	0
2045	0.965424	-0.22821	0.520957	0
2046	0.965424	-0.22821	0.520957	0
2047	0.965424	-0.22821	0.520957	0
2048	0.965424	-0.22821	0.520957	0
2049	0.965424	-0.22821	0.520957	0
2050	0.965424	-0.22821	0.520957	0
2051	0.965424	-0.22821	0.520957	0
2052	0.965424	-0.22821	0.520957	0
2053	0.965424	-0.22821	0.520957	0
2054	0.965424	-0.22821	0.520957	0
2055	0.965424	-0.22821	0.520957	0
2056	0.965424	-0.22821	0.520957	0
2057	0.965424	-0.22821	0.520957	0
2058	0.965424	-0.22821	0.520957	0
2059	0.965424	-0.22821	0.520957	0
2060	0.965424	-0.22821	0.520957	0
2061	0.965424	-0.22821	0.520957	0
2062	0.965424	-0.22821	0.520957	0
2063	0.965424	-0.22821	0.520957	0
2064	0.965424	-0.22821	0.520957	0
2065	0.965424	-0.22821	0.520957	0
2066	0.965424	-0.22821	0.520957	0
2067	0.965424	-0.22821	0.520957	0
2068	0.965424	-0.22821	0.520957	0
2069	0.965424	-0.22821	0.520957	0
2070	0.965424	-0.22821	0.520957	0
2071	0.965424	-0.22821	0.520957	0
2072	0.965424	-0.22821	0.520957	0
2073	0.965424	-0.22821	0.520957	0
2074	0.965424	-0.22821	0.520957	0
2075	0.965424	-0.22821	0.520957	0
2076	0.965424	-0.22821	0.520957	0
2077	0.965424	-0.22821	0.520957	0
2078	0.965424	-0.22821	0.520957	0
2079	0.965424	-0.22821	0.520957	0
2080	0.965424	-0.22821	0.520957	0
2081	0.965424	-0.22821	0.520957	0
2082	0.965424	-0.22821	0.520957	0
2083	0.965424	-0.22821	0.520957	0
2084	0.965424	-0.22821	0.520957	0
2085	0.965424	-0.22821	0.520957	0
2086	0.965424	-0.22821	0.520957	0
2087	0.965424	-0.22821	0.520957	0
2088	0.965424	-0.22821	0.520957	0
2089	0.965424	-0.22821	0.520957	0
2090	0.965424	-0.22821	0.520957	0
2091	0.965424	-0.22821	0.520957	0
2092	0.965424	-0.22821	0.520957	0
2093	0.965424	-0.22821	0.520957	0
2094	0.965424	-0.22821	0.520957	0
2095	0.965424	-0.22821	0.520957	0
2096	0.965424	-0.22821	0.520957	0
2097	0.965424	-0.22821	0.520957	0
2098	0.965424	-0.22821	0.520957	0
2099	0.965424	-0.22821	0.520957	0
2100	0.965424	-0.22821	0.520957	0
2101	0.965424	-0.22821	0.520957	0
2102	0.965424	-0.22821	0.520957	0
2103	0.965424	-0.22821	0.520957	0
2104	0.965424	-0.22821	0.520957	0
2105	0.965424	-0.22821	0.520957	0
2106	0.965424	-0.22821	0.520957	0
2107	0.965424	-0.22821	0.520957	0
2108	0.965424	-0.22821	0.520957	0
2109	0.965424	-0.22821	0.520957	0
2110	0.965424	-0.22821	0.520957	0
2111	0.965424	-0.22821	0.520957	0
2112	0.965424	-0.22821	0.520957	0
2113	0.965424	-0.22821	0.520957	0
2114	0.965424	-0.22821	0.520957	0
2115	0.965424	-0.22821	0.520957	0
2116	0.965424	-0.22821	0.520957	0
2117	0.965424	-0.22821	0.520957	0
2118	0.965424	-0.22821	0.520957	0
2119	0.965424	-0.22821	0.520957	0
2120	0.965424	-0.22821	0.520957	0
2121	0.965424	-0.22821	0.520957	0
2122	0.965424	-0.22821	0.520957	0
2123	0.965424	-0.22821	0.520957	0
2124	0.965424	-0.22821	0.520957	0
2125	0.965424	-0.22821	0.520957	0
2126	0.965424	-0.22821	0.520957	0
2127	0.965424	-0.22821	0.520957	0
2128	0.965424	-0.22821	0.520957	0
2129	0.965424	-0.22821	0.520957	0
2130	0.965424	-0.22821	0.520957	0
2131	0.965424	-0.22821	0.520957	0
2132	0.965424	-0.22821	0.520957	0
2133	0.965424	-0.22821	0.520957	0
2134	0.965424	-0.22821	0.520957	0
2135	0.965424	-0.22821	0.520957	0
2136	0.965424	-0.22821	0.520957	0
2137	0.965424	-0.22821	0.520957	0
2138	0.965424	-0.22821	0.520957	0
2139	0.965424	-0.22821	0.520957	0
2140	0.965424	-0.22821	0.520957	0
2141	0.965424	-0.22821	0.520957	0
2142	0.965424	-0.22821	0.520957	0
2143	0.965424	-0.22821	0.520957	0
2144	0.965424	-0.22821	0.520957	0
2145	0.965424	-0.22821	0.520957	0
2146	0.965424	-0.22821	0.520957	0
2147	0.965424	-0.22821	0.520957	0
2148	0.965424	-0.22821	0.520957	0
2149	0.965424	-0.22821	0.520957	0
2150	0.965424	-0.22821	0.520957	0
2151	0.965424	-0.22821	0.520957	0
2152	0.965424	-0.22821	0.520957	0
2153	0.965424	-0.22821	0.520957	0
2154	0.965424	-0.22821	0.520957	0
2155	0.965424	-0.22821	0.520957	0
2156	0.965424	-0.22821	0.520957	0
2157	0.965424	-0.22821	0.520957	0
2158	0.965424	-0.22821	0.520957	0
2159	0.965424	-0.22821	0.520957	0
2160	0.965424	-0.22821	0.520957	0
2161	0.965424	-0.22821	0.520957	0
2162	0.965424	-0.22821	0.520957	0
2163	0.965424	-0.22821	0.520957	0
2164	0.965424	-0.22821	0.520957	0
2165	0.965424	-0.22821	0.520957	0
2166	0.965424	-0.22821	0.520957	0
2167	0.965424	-0.22821	0.520957	0
2168	0.965424	-0.22821	0.520957	0
2169	0.965424	-0.22821	0.520957	0
2170	0.965424	-0.22821	0.520957	0
2171	0.965424	-0.22821	0.520957	0
2172	0.965424	-0.22821	0.520957	0
2173	0.965424	-0.22821	0.520957	0
2174	0.965424	-0.22821	0.520957	0
2175	0.965424	-0.22821	0.520957	0
2176	0.965424	-0.22821	0.520957	0
2177	0.965424	-0.22821	0.520957	0
2178	0.965424	-0.22821	0.520957	0
2179	0.965424	-0.22821	-1.91867	1
2180	0.965424	-0.22821	-1.91867	1
2181	0.965424	-0.22821	-1.91867	1
2182	0.965424	-0.22821	-1.91867	1
2183	0.965424	-0.22821	-1.91867	1
2184	0.965424	-0.22821	-1.91867	1
2185	0.965424	-0.22821	-1.91867	1
2186	0.965424	-0.22821	-1.91867	1
2187	0.965424	-0.22821	-1.91867	1
2188	0.965424	-0.22821	-1.91867	1
2189	0.965424	-0.22821	-1.91867	1
2190	0.965424	-0.22821	-1.91867	1
2191	0.965424	-0.22821	-1.91867	1
2192	0.965424	-0.22821	-1.91867	1
2193	0.965424	-0.22821	-1.91867	1
2194	0.965424	-0.22821	-1.91867	1
2195	0.965424	-0.22821	-1.91867	1
2196	0.965424	-0.22821	-1.91867	1
2197	0.965424	-0.22821	-1.91867	1
2198	0.965424	-0.22821	-1.91867	1
2199	0.965424	-0.22821	-1.91867	0
2200	0.965424	-0.22821	-1.91867	0
2201	0.965424	-0.22821	-1.91867	0
